loggingTime(txt),accelerometerTimestamp_sinceReboot(s),accelerometerAccelerationX(G),accelerometerAccelerationY(G),accelerometerAccelerationZ(G),motionTimestamp_sinceReboot(s),motionYaw(rad),motionRoll(rad),motionPitch(rad),motionRotationRateX(rad/s),motionRotationRateY(rad/s),motionRotationRateZ(rad/s),motionUserAccelerationX(G),motionUserAccelerationY(G),motionUserAccelerationZ(G),motionAttitudeReferenceFrame(txt),motionQuaternionX(R),motionQuaternionY(R),motionQuaternionZ(R),motionQuaternionW(R),motionGravityX(G),motionGravityY(G),motionGravityZ(G),motionMagneticFieldX(µT),motionMagneticFieldY(µT),motionMagneticFieldZ(µT),motionHeading(°),motionMagneticFieldCalibrationAccuracy(Z),label
2023-05-08T04:34:55Z,212926.748281125,0.44525146484375,0.54876708984375,-0.7046661376953125,212926.739556125,-0.3758061665813611,0.5620049417373962,-0.5780706628619182,-0.00120584480464458,0.00664445059373974,0.01263837516307831,-0.00327628850936889,0.00896501541137695,0.00343716144561767,XArbitraryZVertical,-0.2193739079478501,0.3122913370869537,-0.24968022209185,0.8899489511360773,0.4463000297546387,0.5464090704917908,-0.7086983919143677,0,0,0,-1,-1,sajdah
2023-05-08T04:34:55Z,212926.781957125,0.4472198486328125,0.545989990234375,-0.70703125,212926.739556125,-0.3758061665813611,0.5620049417373962,-0.5780706628619182,-0.00120584480464458,0.00664445059373974,0.01263837516307831,-0.00327628850936889,0.00896501541137695,0.00343716144561767,XArbitraryZVertical,-0.2193739079478501,0.3122913370869537,-0.24968022209185,0.8899489511360773,0.4463000297546387,0.5464090704917908,-0.7086983919143677,0,0,0,-1,-1,sajdah
2023-05-08T04:34:55Z,212926.815662125,0.4427947998046875,0.544219970703125,-0.7066802978515625,212926.799437125,-0.3755230733056649,0.5624070892694583,-0.5779574260666676,-0.00992831960320472,0.00487544573843479,-0.00178317457903176,7.0878863334655e-4,-0.0062142014503479,0.00169253349304199,XArbitraryZVertical,-0.2193158690970358,0.3124339002840365,-0.2495864670108,0.8899395034257062,0.446617990732193,0.5463142395019531,-0.708571195602417,0,0,0,-1,-1,sajdah
2023-05-08T04:34:55Z,212926.849338125,0.445343017578125,0.54095458984375,-0.7038726806640625,212926.799437125,-0.3755230733056649,0.5624070892694583,-0.5779574260666676,-0.00992831960320472,0.00487544573843479,-0.00178317457903176,7.0878863334655e-4,-0.0062142014503479,0.00169253349304199,XArbitraryZVertical,-0.2193158690970358,0.3124339002840365,-0.2495864670108,0.8899395034257062,0.446617990732193,0.5463142395019531,-0.708571195602417,0,0,0,-1,-1,sajdah
2023-05-08T04:34:55Z,212926.883014125,0.4464263916015625,0.54248046875,-0.705718994140625,212926.859318125,-0.3754176659045946,0.5625231400700161,-0.5786005680088614,-0.01278963312506676,-0.00222873594611883,-0.00622479431331157,-6.0507655143737e-4,-0.00701212882995605,0.00276243686676025,XArbitraryZVertical,-0.2196135126573826,0.3125042273899271,-0.2496198950960731,0.8898320470107887,0.446512758731842,0.5468528270721436,-0.7082220315933228,0,0,0,-1,-1,sajdah
2023-05-08T04:34:55Z,212926.916690125,0.4420166015625,0.5467987060546875,-0.7043304443359375,212926.859318125,-0.3754176659045946,0.5625231400700161,-0.5786005680088614,-0.01278963312506676,-0.00222873594611883,-0.00622479431331157,-6.0507655143737e-4,-0.00701212882995605,0.00276243686676025,XArbitraryZVertical,-0.2196135126573826,0.3125042273899271,-0.2496198950960731,0.8898320470107887,0.446512758731842,0.5468528270721436,-0.7082220315933228,0,0,0,-1,-1,sajdah
2023-05-08T04:34:55Z,212926.950396125,0.44940185546875,0.5484771728515625,-0.7061309814453125,212926.919200125,-0.3752715081940965,0.5623046818514235,-0.5789224150241499,-0.00115654675755649,-3.3835787326097e-4,0.00443237740546464,-0.00238588452339172,-7.0500373840332e-4,0.00257366895675659,XArbitraryZVertical,-0.219811562237327,0.3124061139989436,-0.2495647008730941,0.8898330425349573,0.4462641477584839,0.5471222400665283,-0.7081705927848816,0,0,0,-1,-1,sajdah
2023-05-08T04:34:55Z,212926.984071125,0.44415283203125,0.542633056640625,-0.7044219970703125,212926.979081125,-0.3751611052420485,0.5622907029114705,-0.579128511870113,-0.00629888894036412,-0.00140555296093225,-9.6585042774677e-4,-0.00239217281341552,7.3987245559692e-4,0.00224041938781738,XArbitraryZVertical,-0.2199252851088982,0.3123974049217049,-0.2495356639198196,0.8898162246832078,0.4461941421031952,0.5472947359085083,-0.7080814838409424,0,0,0,-1,-1,sajdah
2023-05-08T04:34:55Z,212927.017747125,0.447235107421875,0.5479888916015625,-0.7059783935546875,212926.979081125,-0.3751611052420485,0.5622907029114705,-0.579128511870113,-0.00629888894036412,-0.00140555296093225,-9.6585042774677e-4,-0.00239217281341552,7.3987245559692e-4,0.00224041938781738,XArbitraryZVertical,-0.2199252851088982,0.3123974049217049,-0.2495356639198196,0.8898162246832078,0.4461941421031952,0.5472947359085083,-0.7080814838409424,0,0,0,-1,-1,sajdah
2023-05-08T04:34:56Z,212927.051423125,0.4430999755859375,0.5484619140625,-0.7041015625,212927.038963125,-0.3748883961025935,0.562669232894139,-0.5795009913274299,-0.00869752373546361,0.00157299265265464,-0.00298825511708855,2.8672814369201e-4,-0.00694179534912109,4.0364265441894e-4,XArbitraryZVertical,-0.2200918855720894,0.312553277069593,-0.2494951301726659,0.8897316326456755,0.4463533759117126,0.5476064682006836,-0.7077400088310242,0,0,0,-1,-1,sajdah
2023-05-08T04:34:56Z,212927.085129125,0.44732666015625,0.5476226806640625,-0.7074737548828125,212927.038963125,-0.3748883961025935,0.562669232894139,-0.5795009913274299,-0.00869752373546361,0.00157299265265464,-0.00298825511708855,2.8672814369201e-4,-0.00694179534912109,4.0364265441894e-4,XArbitraryZVertical,-0.2200918855720894,0.312553277069593,-0.2494951301726659,0.8897316326456755,0.4463533759117126,0.5476064682006836,-0.7077400088310242,0,0,0,-1,-1,sajdah
2023-05-08T04:34:56Z,212927.118805125,0.44598388671875,0.548980712890625,-0.707763671875,212927.098844125,-0.3748284569185727,0.5626670222993971,-0.5801402463721573,-0.00506550492718815,0.00478130346164107,-0.00873402506113052,0.00103974342346191,-0.00425696372985839,2.4569034576416e-4,XArbitraryZVertical,-0.2203953549451407,0.3125756205569651,-0.2495354383762269,0.8896372914684023,0.4461649656295776,0.5481412410736084,-0.7074447274208069,0,0,0,-1,-1,sajdah
2023-05-08T04:34:56Z,212927.152481125,0.444549560546875,0.553070068359375,-0.7057952880859375,212927.098844125,-0.3748284569185727,0.5626670222993971,-0.5801402463721573,-0.00506550492718815,0.00478130346164107,-0.00873402506113052,0.00103974342346191,-0.00425696372985839,2.4569034576416e-4,XArbitraryZVertical,-0.2203953549451407,0.3125756205569651,-0.2495354383762269,0.8896372914684023,0.4461649656295776,0.5481412410736084,-0.7074447274208069,0,0,0,-1,-1,sajdah
2023-05-08T04:34:56Z,212927.186156125,0.444580078125,0.5378265380859375,-0.7056884765625,212927.158726125,-0.374775358334547,0.5629917580298825,-0.5802425093607021,-0.00971183273941278,0.00210203044116497,0.00233966507948935,-0.00181514024734497,0.00484323501586914,0.00145715475082397,XArbitraryZVertical,-0.2204101383395755,0.3127189947876626,-0.2495583609252321,0.8895768001255902,0.4463647305965424,0.5482267737388611,-0.7072523832321167,0,0,0,-1,-1,sajdah
2023-05-08T04:34:56Z,212927.219862125,0.44378662109375,0.5482635498046875,-0.7069854736328125,212927.158726125,-0.374775358334547,0.5629917580298825,-0.5802425093607021,-0.00971183273941278,0.00210203044116497,0.00233966507948935,-0.00181514024734497,0.00484323501586914,0.00145715475082397,XArbitraryZVertical,-0.2204101383395755,0.3127189947876626,-0.2495583609252321,0.8895768001255902,0.4463647305965424,0.5482267737388611,-0.7072523832321167,0,0,0,-1,-1,sajdah
2023-05-08T04:34:56Z,212927.253538375,0.44818115234375,0.545135498046875,-0.705596923828125,212927.218607125,-0.374639457254486,0.5631131746241357,-0.5805992521604411,-0.00484830932691693,0.00720810890197753,-0.00128756032790988,-1.1804699897766e-4,3.0303001403808e-4,0.00241243839263916,XArbitraryZVertical,-0.2205801934276134,0.3127746704070561,-0.2495488282884768,0.8895177288558148,0.4463461637496948,0.5485250949859619,-0.7070327401161194,0,0,0,-1,-1,sajdah
2023-05-08T04:34:56Z,212927.287214375,0.4442596435546875,0.549468994140625,-0.7060699462890625,212927.278489375,-0.3745065329222766,0.5634935467984767,-0.5808082361913096,-0.00153208209667354,0.00445852801203727,0.00237615057267248,-0.00105816125869751,-8.0251693725585e-4,0.00464808940887451,XArbitraryZVertical,-0.2206495664994856,0.312938918498552,-0.2495536659295174,0.8894413768579,0.4465538263320923,0.5486997961997986,-0.7067660093307495,0,0,0,-1,-1,sajdah
2023-05-08T04:34:56Z,212927.320890375,0.448150634765625,0.5495452880859375,-0.703460693359375,212927.278489375,-0.3745065329222766,0.5634935467984767,-0.5808082361913096,-0.00153208209667354,0.00445852801203727,0.00237615057267248,-0.00105816125869751,-8.0251693725585e-4,0.00464808940887451,XArbitraryZVertical,-0.2206495664994856,0.312938918498552,-0.2495536659295174,0.8894413768579,0.4465538263320923,0.5486997961997986,-0.7067660093307495,0,0,0,-1,-1,sajdah
2023-05-08T04:34:56Z,212927.354595375,0.44390869140625,0.5472259521484375,-0.7069244384765625,212927.338370375,-0.3742743434545728,0.5638365340883932,-0.5813286377965741,-0.00718754157423973,-0.00114556215703487,-0.0028479064349085,-0.00213971734046936,-0.00319063663482666,0.00356686115264892,XArbitraryZVertical,-0.2208822371680117,0.3130899712099652,-0.2495430313930132,0.8893335486317369,0.446643590927124,0.5491347908973694,-0.7063714265823364,0,0,0,-1,-1,sajdah
2023-05-08T04:34:56Z,212927.388271375,0.4454498291015625,0.5505828857421875,-0.704559326171875,212927.338370375,-0.3742743434545728,0.5638365340883932,-0.5813286377965741,-0.00718754157423973,-0.00114556215703487,-0.0028479064349085,-0.00213971734046936,-0.00319063663482666,0.00356686115264892,XArbitraryZVertical,-0.2208822371680117,0.3130899712099652,-0.2495430313930132,0.8893335486317369,0.446643590927124,0.5491347908973694,-0.7063714265823364,0,0,0,-1,-1,sajdah
2023-05-08T04:34:56Z,212927.421947375,0.44757080078125,0.547149658203125,-0.7019195556640625,212927.398251375,-0.3743723782541534,0.5639055344241205,-0.5814379966140644,-0.00135384255554527,0.00441385293379426,-4.492932930588722e-5,-0.0010424256324768,-1.997947692871e-4,0.00253921747207641,XArbitraryZVertical,-0.2209085378283021,0.3131366033874869,-0.2496058081835202,0.8892928588597355,0.446660190820694,0.5492262244224548,-0.7062897682189941,0,0,0,-1,-1,sajdah
2023-05-08T04:34:56Z,212927.455623375,0.4427947998046875,0.547271728515625,-0.704132080078125,212927.398251375,-0.3743723782541534,0.5639055344241205,-0.5814379966140644,-0.00135384255554527,0.00441385293379426,-4.492932930588722e-5,-0.0010424256324768,-1.997947692871e-4,0.00253921747207641,XArbitraryZVertical,-0.2209085378283021,0.3131366033874869,-0.2496058081835202,0.8892928588597355,0.446660190820694,0.5492262244224548,-0.7062897682189941,0,0,0,-1,-1,sajdah
2023-05-08T04:34:56Z,212927.489329375,0.444610595703125,0.5512237548828125,-0.703338623046875,212927.458133375,-0.3743136763684548,0.5637376949167282,-0.5818922781032382,0.00435760198161006,-0.00390160083770752,-7.240354316309e-4,-0.002896249294281,-0.00384467840194702,4.8065185546875e-4,XArbitraryZVertical,-0.2211473990371891,0.3130765344340732,-0.2496089499751881,0.8892538784391433,0.4464083015918732,0.5496057868003845,-0.7061538100242615,0,0,0,-1,-1,sajdah
2023-05-08T04:34:56Z,212927.523004375,0.4429931640625,0.548431396484375,-0.7028656005859375,212927.518014375,-0.3744558767557874,0.5637524998311769,-0.5818383733312389,-0.00125478778500109,-0.00267461594194173,-0.00423301663249731,-0.00142717361450195,-0.00447100400924682,0.00452733039855957,XArbitraryZVertical,-0.2210985296072736,0.3130963687105254,-0.2496681709102098,0.8892423341938892,0.4464345574378967,0.5495607256889343,-0.7061722278594971,0,0,0,-1,-1,sajdah
2023-05-08T04:34:56Z,212927.556680375,0.4437255859375,0.5520172119140625,-0.7034759521484375,212927.518014375,-0.3744558767557874,0.5637524998311769,-0.5818383733312389,-0.00125478778500109,-0.00267461594194173,-0.00423301663249731,-0.00142717361450195,-0.00447100400924682,0.00452733039855957,XArbitraryZVertical,-0.2210985296072736,0.3130963687105254,-0.2496681709102098,0.8892423341938892,0.4464345574378967,0.5495607256889343,-0.7061722278594971,0,0,0,-1,-1,sajdah
2023-05-08T04:34:56Z,212927.590356375,0.4440460205078125,0.54449462890625,-0.7035369873046875,212927.577896375,-0.3747396028863512,0.5634555867729378,-0.5820270399636516,1.0667939204722e-4,-0.00133770890533924,-0.00321275950409472,0.0027746558189392,-0.00494915246963501,7.7277421951293e-4,XArbitraryZVertical,-0.2211778785332961,0.3130044924115384,-0.2497813365085879,0.8892231779196288,0.4461694955825806,0.5497183799743652,-0.7062170505523682,0,0,0,-1,-1,sajdah
2023-05-08T04:34:56Z,212927.624062375,0.4439697265625,0.552581787109375,-0.70233154296875,212927.577896375,-0.3747396028863512,0.5634555867729378,-0.5820270399636516,1.0667939204722e-4,-0.00133770890533924,-0.00321275950409472,0.0027746558189392,-0.00494915246963501,7.7277421951293e-4,XArbitraryZVertical,-0.2211778785332961,0.3130044924115384,-0.2497813365085879,0.8892231779196288,0.4461694955825806,0.5497183799743652,-0.7062170505523682,0,0,0,-1,-1,sajdah
2023-05-08T04:34:56Z,212927.657738375,0.449188232421875,0.54620361328125,-0.7019500732421875,212927.637777375,-0.3745931390767079,0.5636469251847577,-0.5822424257865261,-0.00724719604477286,-0.00187793094664812,0.00155536411330103,7.3444843292236e-4,-0.00242817401885986,0.00171649456024169,XArbitraryZVertical,-0.2212758641566956,0.3130833476313373,-0.2497600128706189,0.8891770966660482,0.4462413489818573,0.5498982667922974,-0.7060316205024719,0,0,0,-1,-1,sajdah
2023-05-08T04:34:56Z,212927.691413375,0.440093994140625,0.5556488037109375,-0.7017822265625,212927.637777375,-0.3745931390767079,0.5636469251847577,-0.5822424257865261,-0.00724719604477286,-0.00187793094664812,0.00155536411330103,7.3444843292236e-4,-0.00242817401885986,0.00171649456024169,XArbitraryZVertical,-0.2212758641566956,0.3130833476313373,-0.2497600128706189,0.8891770966660482,0.4462413489818573,0.5498982667922974,-0.7060316205024719,0,0,0,-1,-1,sajdah
2023-05-08T04:34:56Z,212927.725089375,0.4440155029296875,0.5458526611328125,-0.7055206298828125,212927.697659375,-0.3748294720884295,0.5633638403247738,-0.582320202178434,0.00138348760083317,0.00156939774751663,0.00131860910914838,-0.00592455267906189,0.00568556785583496,0.00433951616287231,XArbitraryZVertical,-0.2213099718041942,0.3129872837631437,-0.2498419685511946,0.8891793284152845,0.4460186064243317,0.5499632358551025,-0.7061217427253723,0,0,0,-1,-1,sajdah
2023-05-08T04:34:56Z,212927.758795375,0.4427490234375,0.54864501953125,-0.7014617919921875,212927.697659375,-0.3748294720884295,0.5633638403247738,-0.582320202178434,0.00138348760083317,0.00156939774751663,0.00131860910914838,-0.00592455267906189,0.00568556785583496,0.00433951616287231,XArbitraryZVertical,-0.2213099718041942,0.3129872837631437,-0.2498419685511946,0.8891793284152845,0.4460186064243317,0.5499632358551025,-0.7061217427253723,0,0,0,-1,-1,sajdah
2023-05-08T04:34:56Z,212927.792471375,0.4438934326171875,0.552520751953125,-0.7050018310546875,212927.757540375,-0.3746181122029731,0.5637161719669554,-0.5826592121799773,-0.0052405041642487,8.3290040493011e-4,-0.00281088845804333,-0.00227421522140502,-4.1115283966064e-4,0.0017206072807312,XArbitraryZVertical,-0.2214547994552982,0.3131362785818718,-0.2498226535782502,0.889096233321942,0.4461677074432373,0.5502463579177856,-0.7058069109916687,0,0,0,-1,-1,sajdah
2023-05-08T04:34:56Z,212927.826147375,0.4455108642578125,0.544830322265625,-0.703765869140625,212927.817421375,-0.3747012763482965,0.5636698405495333,-0.5827011943362438,-0.00563888344913721,0.00381883699446916,-0.00156665965914726,-7.0330500602722e-4,-0.00366580486297607,0.00274407863616943,XArbitraryZVertical,-0.2214668514546553,0.3131268273675366,-0.2498588963676842,0.8890864102190503,0.4461226761341095,0.5502814054489136,-0.7058080434799194,0,0,0,-1,-1,sajdah
2023-05-08T04:34:56Z,212927.859823375,0.4423980712890625,0.555206298828125,-0.703094482421875,212927.817421375,-0.3747012763482965,0.5636698405495333,-0.5827011943362438,-0.00563888344913721,0.00381883699446916,-0.00156665965914726,-7.0330500602722e-4,-0.00366580486297607,0.00274407863616943,XArbitraryZVertical,-0.2214668514546553,0.3131268273675366,-0.2498588963676842,0.8890864102190503,0.4461226761341095,0.5502814054489136,-0.7058080434799194,0,0,0,-1,-1,sajdah
2023-05-08T04:34:56Z,212927.893528375,0.447540283203125,0.5461273193359375,-0.7046966552734375,212927.877303375,-0.3746011799404215,0.5637121481535557,-0.5833198366682514,0.00288700452074408,0.00105454213917255,-0.00560108199715614,-8.1059336662292e-4,0.00317251682281494,0.00172019004821777,XArbitraryZVertical,-0.2217614442626883,0.3131632404086095,-0.2498841391706329,0.8889930774719851,0.4459705650806427,0.5507978200912476,-0.7055013179779053,0,0,0,-1,-1,sajdah
2023-05-08T04:34:56Z,212927.927204375,0.4405670166015625,0.5507659912109375,-0.7050018310546875,212927.877303375,-0.3746011799404215,0.5637121481535557,-0.5833198366682514,0.00288700452074408,0.00105454213917255,-0.00560108199715614,-8.1059336662292e-4,0.00317251682281494,0.00172019004821777,XArbitraryZVertical,-0.2217614442626883,0.3131632404086095,-0.2498841391706329,0.8889930774719851,0.4459705650806427,0.5507978200912476,-0.7055013179779053,0,0,0,-1,-1,sajdah
2023-05-08T04:34:56Z,212927.960880375,0.44482421875,0.5485992431640625,-0.7014007568359375,212927.937184375,-0.3746236757761522,0.5636270741005709,-0.5832698440282168,-0.00401456234976649,-0.00395572930574417,0.00172580638900399,-0.00470200181007385,0.00182563066482543,0.0013236403465271,XArbitraryZVertical,-0.2217455922234491,0.3131256349754177,-0.2498794840825155,0.889011493810284,0.445925235748291,0.5507560968399048,-0.7055624723434448,0,0,0,-1,-1,sajdah
2023-05-08T04:34:56Z,212927.994556375,0.4427032470703125,0.551788330078125,-0.7035064697265625,212927.937184375,-0.3746236757761522,0.5636270741005709,-0.5832698440282168,-0.00401456234976649,-0.00395572930574417,0.00172580638900399,-0.00470200181007385,0.00182563066482543,0.0013236403465271,XArbitraryZVertical,-0.2217455922234491,0.3131256349754177,-0.2498794840825155,0.889011493810284,0.445925235748291,0.5507560968399048,-0.7055624723434448,0,0,0,-1,-1,sajdah
2023-05-08T04:34:57Z,212928.028261375,0.4430694580078125,0.54876708984375,-0.7044525146484375,212927.997066375,-0.3747283981005108,0.5634332856042698,-0.5833800080193299,0.0023816991597414,-1.4594383537769e-4,-6.8462069611996e-4,-0.00253397226333618,0.00147432088851928,0.0015418529510498,XArbitraryZVertical,-0.2218040122298836,0.3130561767574955,-0.2499160814330958,0.8890112075675557,0.4457561075687408,0.5508480668067932,-0.7055976390838623,0,0,0,-1,-1,sajdah
2023-05-08T04:34:57Z,212928.061937375,0.4464111328125,0.5456390380859375,-0.7051239013671875,212928.056947375,-0.3745365878543223,0.5639335482012634,-0.5832312363232696,0.00184375571552664,0.00772083364427089,0.00185124133713543,-0.00154215097427368,0.00202572345733642,-2.2941827774047e-4,XArbitraryZVertical,-0.221703193857169,0.3132503713518653,-0.2498706426858037,0.8889807349632839,0.4461528658866882,0.5507238507270813,-0.705443799495697,0,0,0,-1,-1,sajdah
2023-05-08T04:34:57Z,212928.095613375,0.445709228515625,0.5508270263671875,-0.702484130859375,212928.056947375,-0.3745365878543223,0.5639335482012634,-0.5832312363232696,0.00184375571552664,0.00772083364427089,0.00185124133713543,-0.00154215097427368,0.00202572345733642,-2.2941827774047e-4,XArbitraryZVertical,-0.221703193857169,0.3132503713518653,-0.2498706426858037,0.8889807349632839,0.4461528658866882,0.5507238507270813,-0.705443799495697,0,0,0,-1,-1,sajdah
2023-05-08T04:34:57Z,212928.129289375,0.4447479248046875,0.5482635498046875,-0.70281982421875,212928.116829375,-0.374571229720212,0.56397524754223,-0.5832683148976848,0.00288577680476009,0.0085926866158843,0.00993579905480146,-0.00351378321647644,5.6046247482299e-4,-0.00215739011764526,XArbitraryZVertical,-0.221709594215334,0.3132744793742789,-0.2498945793782706,0.8889638745508991,0.4461713433265686,0.5507548451423645,-0.7054079174995422,0,0,0,-1,-1,sajdah
2023-05-08T04:34:57Z,212928.162995375,0.445159912109375,0.54449462890625,-0.7013702392578125,212928.116829375,-0.374571229720212,0.56397524754223,-0.5832683148976848,0.00288577680476009,0.0085926866158843,0.00993579905480146,-0.00351378321647644,5.6046247482299e-4,-0.00215739011764526,XArbitraryZVertical,-0.221709594215334,0.3132744793742789,-0.2498945793782706,0.8889638745508991,0.4461713433265686,0.5507548451423645,-0.7054079174995422,0,0,0,-1,-1,sajdah
2023-05-08T04:34:57Z,212928.196671375,0.448028564453125,0.5524749755859375,-0.7011260986328125,212928.176710375,-0.3741387272975317,0.564745049200542,-0.5832412786451402,-0.0086454153060913,0.01257464475929737,0.00259053497575223,-0.00205051898956298,-7.4446201324462e-4,0.00181448459625244,XArbitraryZVertical,-0.2216687848030042,0.3135674195597061,-0.2497848076181105,0.8889016715706382,0.4467222094535828,0.5507322549819946,-0.7050768733024597,0,0,0,-1,-1,sajdah
2023-05-08T04:34:57Z,212928.23034575,0.4449310302734375,0.5503692626953125,-0.7017822265625,212928.176710375,-0.3741387272975317,0.564745049200542,-0.5832412786451402,-0.0086454153060913,0.01257464475929737,0.00259053497575223,-0.00205051898956298,-7.4446201324462e-4,0.00181448459625244,XArbitraryZVertical,-0.2216687848030042,0.3135674195597061,-0.2497848076181105,0.8889016715706382,0.4467222094535828,0.5507322549819946,-0.7050768733024597,0,0,0,-1,-1,sajdah
2023-05-08T04:34:57Z,212928.26402175,0.4459075927734375,0.550811767578125,-0.7041473388671875,212928.23659175,-0.3741790428630831,0.5646401836879036,-0.5830860778333329,0.00109557015821337,0.00107404962182045,0.00127519946545362,-0.00176283717155456,-2.334713935852e-4,0.00341361761093139,XArbitraryZVertical,-0.2216042767120845,0.3135181472736774,-0.2497747823960771,0.8889378483645922,0.4466939866542816,0.5506027340888977,-0.7051958441734314,0,0,0,-1,-1,sajdah
2023-05-08T04:34:57Z,212928.29772775,0.4468994140625,0.5495758056640625,-0.703826904296875,212928.23659175,-0.3741790428630831,0.5646401836879036,-0.5830860778333329,0.00109557015821337,0.00107404962182045,0.00127519946545362,-0.00176283717155456,-2.334713935852e-4,0.00341361761093139,XArbitraryZVertical,-0.2216042767120845,0.3135181472736774,-0.2497747823960771,0.8889378483645922,0.4466939866542816,0.5506027340888977,-0.7051958441734314,0,0,0,-1,-1,sajdah
2023-05-08T04:34:57Z,212928.33140375,0.4447021484375,0.5526123046875,-0.7017669677734375,212928.29647275,-0.3739646796911469,0.5649259463695802,-0.5835518012208862,-0.00277563044801354,-5.3236912935972e-4,-0.00254909973591566,-1.4856457710266e-4,-0.0043758749961853,0.00137555599212646,XArbitraryZVertical,-0.2218161219791772,0.3136428614315037,-0.2497602686864077,0.888845158470439,0.4467581808567047,0.550991415977478,-0.704851508140564,0,0,0,-1,-1,sajdah
2023-05-08T04:34:57Z,212928.36507975,0.4480438232421875,0.5457000732421875,-0.703460693359375,212928.35635375,-0.3740490861622549,0.5650596481341059,-0.5836070254528491,-0.00933379773050546,0.00304352352395653,-0.00668498873710632,-0.00190499424934387,-0.00312495231628418,0.00388407707214355,XArbitraryZVertical,-0.2218115553846972,0.3137142096705734,-0.2498184558415285,0.8888047056386801,0.4468360841274261,0.5510374903678894,-0.704766035079956,0,0,0,-1,-1,sajdah
2023-05-08T04:34:57Z,212928.39875475,0.446746826171875,0.5552978515625,-0.7036285400390625,212928.35635375,-0.3740490861622549,0.5650596481341059,-0.5836070254528491,-0.00933379773050546,0.00304352352395653,-0.00668498873710632,-0.00190499424934387,-0.00312495231628418,0.00388407707214355,XArbitraryZVertical,-0.2218115553846972,0.3137142096705734,-0.2498184558415285,0.8888047056386801,0.4468360841274261,0.5510374903678894,-0.704766035079956,0,0,0,-1,-1,sajdah
2023-05-08T04:34:57Z,212928.43246075,0.443695068359375,0.5489044189453125,-0.70477294921875,212928.41623575,-0.3741204736901137,0.564759263835979,-0.5839277061063171,0.00519302114844322,-0.00505082122981548,-0.00246840598993003,-0.00158342719078064,3.4582614898681e-4,0.00486081838607788,XArbitraryZVertical,-0.2219851778858291,0.3136034381562652,-0.2498506764533981,0.8887913645736447,0.4465297758579254,0.5513050556182861,-0.7047509551048279,0,0,0,-1,-1,sajdah
2023-05-08T04:34:57Z,212928.46613675,0.4444122314453125,0.5511932373046875,-0.702484130859375,212928.41623575,-0.3741204736901137,0.564759263835979,-0.5839277061063171,0.00519302114844322,-0.00505082122981548,-0.00246840598993003,-0.00158342719078064,3.4582614898681e-4,0.00486081838607788,XArbitraryZVertical,-0.2219851778858291,0.3136034381562652,-0.2498506764533981,0.8887913645736447,0.4465297758579254,0.5513050556182861,-0.7047509551048279,0,0,0,-1,-1,sajdah
2023-05-08T04:34:57Z,212928.49981275,0.4470367431640625,0.5485382080078125,-0.703582763671875,212928.47611675,-0.3740805491599923,0.5648558784109686,-0.584110975748311,-0.00886336527764797,-0.00199158210307359,-4.9660145305097e-4,-6.5135955810546e-4,-0.00174486637115478,3.2252073287963e-4,XArbitraryZVertical,-0.2220635433086458,0.3136503814013122,-0.2498629677454252,0.8887517910444577,0.4465437531471252,0.5514580011367798,-0.7046224474906921,0,0,0,-1,-1,sajdah
2023-05-08T04:34:57Z,212928.53348875,0.4453125,0.5489044189453125,-0.7020416259765625,212928.47611675,-0.3740805491599923,0.5648558784109686,-0.584110975748311,-0.00886336527764797,-0.00199158210307359,-4.9660145305097e-4,-6.5135955810546e-4,-0.00174486637115478,3.2252073287963e-4,XArbitraryZVertical,-0.2220635433086458,0.3136503814013122,-0.2498629677454252,0.8887517910444577,0.4465437531471252,0.5514580011367798,-0.7046224474906921,0,0,0,-1,-1,sajdah
2023-05-08T04:34:57Z,212928.56719375,0.4452056884765625,0.55029296875,-0.7047119140625,212928.53599875,-0.3739682561566943,0.5649040594708764,-0.5843633140722782,-0.00535180978477001,0.00313313864171505,-0.00259330822154879,-6.7180395126342e-4,-0.00120764970779418,0.00187718868255615,XArbitraryZVertical,-0.2221910293712936,0.3136709337786731,-0.2498450078974215,0.8887177510141322,0.446503221988678,0.5516684651374817,-0.7044833898544312,0,0,0,-1,-1,sajdah
2023-05-08T04:34:57Z,212928.60086975,0.447052001953125,0.54840087890625,-0.6997222900390625,212928.59587975,-0.3737411624879616,0.5651711641889621,-0.5845690095963243,-0.0092874439433217,-0.00508064869791269,-0.00281035574153065,-0.00200468301773071,-0.00253885984420776,8.3810091018676e-4,XArbitraryZVertical,-0.2222877561361569,0.3137738398790347,-0.2497954616126887,0.888671183840418,0.446630597114563,0.5518400073051453,-0.7042682766914368,0,0,0,-1,-1,sajdah
2023-05-08T04:34:57Z,212928.63454575,0.444732666015625,0.5532684326171875,-0.7032318115234375,212928.59587975,-0.3737411624879616,0.5651711641889621,-0.5845690095963243,-0.0092874439433217,-0.00508064869791269,-0.00281035574153065,-0.00200468301773071,-0.00253885984420776,8.3810091018676e-4,XArbitraryZVertical,-0.2222877561361569,0.3137738398790347,-0.2497954616126887,0.888671183840418,0.446630597114563,0.5518400073051453,-0.7042682766914368,0,0,0,-1,-1,sajdah
2023-05-08T04:34:57Z,212928.66822175,0.4427642822265625,0.554107666015625,-0.7033843994140625,212928.65576175,-0.3736289983878511,0.5651436375615686,-0.5850360931787396,0.0033753840252757,0.00344945630058646,0.00204858160577714,0.00149449706077575,-0.00123459100723266,0.00171601772308349,XArbitraryZVertical,-0.2225232977666186,0.3137705752258808,-0.249791814188906,0.8886144390487777,0.4464731216430664,0.5522294640541077,-0.704062819480896,0,0,0,-1,-1,sajdah
2023-05-08T04:34:57Z,212928.70192775,0.44818115234375,0.5465240478515625,-0.701934814453125,212928.65576175,-0.3736289983878511,0.5651436375615686,-0.5850360931787396,0.0033753840252757,0.00344945630058646,0.00204858160577714,0.00149449706077575,-0.00123459100723266,0.00171601772308349,XArbitraryZVertical,-0.2225232977666186,0.3137705752258808,-0.249791814188906,0.8886144390487777,0.4464731216430664,0.5522294640541077,-0.704062819480896,0,0,0,-1,-1,sajdah
2023-05-08T04:34:57Z,212928.73560375,0.445281982421875,0.5557403564453125,-0.703338623046875,212928.71564275,-0.3735935138115096,0.5653664129430979,-0.5851595059059485,-0.0096668554469943,5.1372032612562e-4,-0.0049289003945887,-1.6695261001586e-4,-0.00347375869750976,0.00424456596374511,XArbitraryZVertical,-0.2225577220671112,0.3138712960078842,-0.2498138841508279,0.88856396101373,0.4465934336185455,0.55233234167099,-0.7039057612419128,0,0,0,-1,-1,sajdah
2023-05-08T04:34:57Z,212928.76927875,0.44573974609375,0.550201416015625,-0.7011260986328125,212928.71564275,-0.3735935138115096,0.5653664129430979,-0.5851595059059485,-0.0096668554469943,5.1372032612562e-4,-0.0049289003945887,-1.6695261001586e-4,-0.00347375869750976,0.00424456596374511,XArbitraryZVertical,-0.2225577220671112,0.3138712960078842,-0.2498138841508279,0.88856396101373,0.4465934336185455,0.55233234167099,-0.7039057612419128,0,0,0,-1,-1,sajdah
2023-05-08T04:34:57Z,212928.80295475,0.44732666015625,0.5516357421875,-0.70233154296875,212928.77552475,-0.3736621577819075,0.5654372707123456,-0.5849904227017291,-0.00128991191741079,0.00431298604235053,0.00457485578954219,-9.5355510711669e-4,-0.00199002027511596,0.00282692909240722,XArbitraryZVertical,-0.2224604424564382,0.3139026197578221,-0.2498343856919289,0.8885715970029914,0.4466933608055115,0.5521913766860962,-0.703952968120575,0,0,0,-1,-1,sajdah
2023-05-08T04:34:57Z,212928.83666075,0.44598388671875,0.5521240234375,-0.7013397216796875,212928.77552475,-0.3736621577819075,0.5654372707123456,-0.5849904227017291,-0.00128991191741079,0.00431298604235053,0.00457485578954219,-9.5355510711669e-4,-0.00199002027511596,0.00282692909240722,XArbitraryZVertical,-0.2224604424564382,0.3139026197578221,-0.2498343856919289,0.8885715970029914,0.4466933608055115,0.5521913766860962,-0.703952968120575,0,0,0,-1,-1,sajdah
2023-05-08T04:34:57Z,212928.87033675,0.4459228515625,0.54498291015625,-0.7042388916015625,212928.83540575,-0.3735056159840293,0.5657119241912762,-0.5850839294575312,0.00612045219168067,0.0027679530903697,0.00104723288677632,-0.00238567590713501,4.3451786041259e-4,0.00182139873504638,XArbitraryZVertical,-0.2224936474892212,0.3140115067672594,-0.2498052514272812,0.8885330234190347,0.4468590319156647,0.5522693395614624,-0.7037866711616516,0,0,0,-1,-1,sajdah
2023-05-08T04:34:57Z,212928.90401275,0.4433135986328125,0.556243896484375,-0.7039794921875,212928.89528675,-0.3737215107805095,0.5655385478328583,-0.5852217648015452,-9.0554385678842e-4,0.00735877640545368,0.00210157851688563,-0.00249749422073364,4.7218799591064e-4,0.00377237796783447,XArbitraryZVertical,-0.2225447136602652,0.3139648496972052,-0.2498964536330073,0.8885109990518976,0.4466961622238159,0.5523842573165894,-0.703799843788147,0,0,0,-1,-1,sajdah
2023-05-08T04:34:57Z,212928.93768875,0.445526123046875,0.5452117919921875,-0.7022705078125,212928.89528675,-0.3737215107805095,0.5655385478328583,-0.5852217648015452,-9.0554385678842e-4,0.00735877640545368,0.00210157851688563,-0.00249749422073364,4.7218799591064e-4,0.00377237796783447,XArbitraryZVertical,-0.2225447136602652,0.3139648496972052,-0.2498964536330073,0.8885109990518976,0.4466961622238159,0.5523842573165894,-0.703799843788147,0,0,0,-1,-1,sajdah
2023-05-08T04:34:57Z,212928.97139375,0.446258544921875,0.550811767578125,-0.70355224609375,212928.95516875,-0.373638912427158,0.5656751642784058,-0.5852439780345022,-9.4300555065274e-4,-0.00403529126197099,-0.00713293254375457,-0.00122904777526855,-0.002643883228302,0.00273966789245605,XArbitraryZVertical,-0.2225508102344188,0.3140173594317026,-0.2498772954564842,0.8884963301423883,0.4467857480049133,0.5524027943611145,-0.7037284970283508,0,0,0,-1,-1,sajdah
2023-05-08T04:34:57Z,212929.00506975,0.44549560546875,0.5538787841796875,-0.701904296875,212928.95516875,-0.373638912427158,0.5656751642784058,-0.5852439780345022,-9.4300555065274e-4,-0.00403529126197099,-0.00713293254375457,-0.00122904777526855,-0.002643883228302,0.00273966789245605,XArbitraryZVertical,-0.2225508102344188,0.3140173594317026,-0.2498772954564842,0.8884963301423883,0.4467857480049133,0.5524027943611145,-0.7037284970283508,0,0,0,-1,-1,sajdah
2023-05-08T04:34:58Z,212929.03874575,0.4469757080078125,0.5500640869140625,-0.7020263671875,212929.01504975,-0.3739407228995931,0.5653791252190474,-0.5858556908615424,-0.00678049214184284,-0.00585123337805271,-0.00711642112582922,-8.0904364585876e-4,-0.00103271007537841,0.0033951997756958,XArbitraryZVertical,-0.2228213183657888,0.3139475051373833,-0.2500429358532901,0.8884066188574323,0.44639629125595093,0.5529125928878784,-0.7035752534866333,0,0,0,-1,-1,sajdah
2023-05-08T04:34:58Z,212929.07242175,0.4468841552734375,0.554901123046875,-0.6903839111328125,212929.01504975,-0.3739407228995931,0.5653791252190474,-0.5858556908615424,-0.00678049214184284,-0.00585123337805271,-0.00711642112582922,-8.0904364585876e-4,-0.00103271007537841,0.0033951997756958,XArbitraryZVertical,-0.2228213183657888,0.3139475051373833,-0.2500429358532901,0.8884066188574323,0.44639629125595093,0.5529125928878784,-0.7035752534866333,0,0,0,-1,-1,sajdah
2023-05-08T04:34:58Z,212929.10612775,0.447113037109375,0.547821044921875,-0.703125,212929.07493175,-0.373841201246245,0.565369945035149,-0.586792059147681,-0.03483347594738007,0.0207788459956646,-0.00819500163197517,-6.7761540412902e-4,-3.7837028503417e-4,0.01307845115661621,XArbitraryZVertical,-0.2232680194472373,0.3139752265523685,-0.2500963856950869,0.8882696645901408,0.4461122751235962,0.5536925792694092,-0.7031418681144714,0,0,0,-1,-1,sajdah
2023-05-08T04:34:58Z,212929.13980275,0.4412689208984375,0.563385009765625,-0.702362060546875,212929.13481275,-0.3733302405975709,0.5664768712438721,-0.5880220665742478,-0.00930945947766304,-0.00110148638486862,0.00144058186560869,-0.00400429964065551,-7.0035457611083e-4,-0.00451630353927612,XArbitraryZVertical,-0.2237745337564825,0.3144658184346355,-0.2501229792662942,0.8879610402878602,0.4465244710445404,0.5547164082527161,-0.7020724415779114,0,0,0,-1,-1,sajdah
2023-05-08T04:34:58Z,212929.17347875,0.4504241943359375,0.553802490234375,-0.6992034912109375,212929.13481275,-0.3733302405975709,0.5664768712438721,-0.5880220665742478,-0.00930945947766304,-0.00110148638486862,0.00144058186560869,-0.00400429964065551,-7.0035457611083e-4,-0.00451630353927612,XArbitraryZVertical,-0.2237745337564825,0.3144658184346355,-0.2501229792662942,0.8879610402878602,0.4465244710445404,0.5547164082527161,-0.7020724415779114,0,0,0,-1,-1,sajdah
