loggingTime(txt),accelerometerTimestamp_sinceReboot(s),accelerometerAccelerationX(G),accelerometerAccelerationY(G),accelerometerAccelerationZ(G),motionTimestamp_sinceReboot(s),motionYaw(rad),motionRoll(rad),motionPitch(rad),motionRotationRateX(rad/s),motionRotationRateY(rad/s),motionRotationRateZ(rad/s),motionUserAccelerationX(G),motionUserAccelerationY(G),motionUserAccelerationZ(G),motionAttitudeReferenceFrame(txt),motionQuaternionX(R),motionQuaternionY(R),motionQuaternionZ(R),motionQuaternionW(R),motionGravityX(G),motionGravityY(G),motionGravityZ(G),motionMagneticFieldX(µT),motionMagneticFieldY(µT),motionMagneticFieldZ(µT),motionHeading(°),motionMagneticFieldCalibrationAccuracy(Z),label
2023-05-08T04:31:45Z,212799.45240925,-0.086517333984375,0.9568634033203124,-0.3011627197265625,212799.42497825,-1.629038717827046,-0.2770447959391524,-1.254007958002085,0.00268766703084111,0.06504717469215393,0.00134284375235438,8.232370018959e-4,0.00605809688568115,-9.050965309143066e-5,XArbitraryZVertical,-0.4800962131775768,0.3459605707933862,-0.5278013233569646,0.609298597246165,-0.08520425111055374,0.9502407908439636,-0.2996378242969513,0,0,0,-1,-1,aiyana
2023-05-08T04:31:45Z,212799.48611625,-0.08380126953125,0.94744873046875,-0.3038482666015625,212799.42497825,-1.629038717827046,-0.2770447959391524,-1.254007958002085,0.00268766703084111,0.06504717469215393,0.00134284375235438,8.232370018959e-4,0.00605809688568115,-9.050965309143066e-5,XArbitraryZVertical,-0.4800962131775768,0.3459605707933862,-0.5278013233569646,0.609298597246165,-0.08520425111055374,0.9502407908439636,-0.2996378242969513,0,0,0,-1,-1,aiyana
2023-05-08T04:31:45Z,212799.51979225,-0.08587646484375,0.959381103515625,-0.295562744140625,212799.48486125,-1.6346364376846,-0.2796892433298664,-1.253396100833596,0.01200871542096138,0.04466447234153748,-0.01356926001608372,9.2135369777679e-4,0.00487565994262695,-0.00535792112350463,XArbitraryZVertical,-0.479676110569526,0.346302806938471,-0.5290238738213229,0.6083741649194739,-0.08615686744451523,0.9500499963760376,-0.2999703884124756,0,0,0,-1,-1,aiyana
2023-05-08T04:31:45Z,212799.55346925,-0.0874786376953125,0.9461517333984376,-0.30023193359375,212799.54474325,-1.639430201498367,-0.281574638982722,-1.252227826721621,-0.00388735206797719,0.04036206752061844,-0.01807612739503384,0.00388556718826293,2.247095108032227e-5,0.00163337588310241,XArbitraryZVertical,-0.4790599227871626,0.3465037537632923,-0.5303220691505706,0.6076145637888427,-0.08703064173460007,0.949684739112854,-0.3008734881877899,0,0,0,-1,-1,aiyana
2023-05-08T04:31:45Z,212799.58714525,-0.0892791748046875,0.9472808837890624,-0.3025665283203125,212799.54474325,-1.639430201498367,-0.281574638982722,-1.252227826721621,-0.00388735206797719,0.04036206752061844,-0.01807612739503384,0.00388556718826293,2.247095108032227e-5,0.00163337588310241,XArbitraryZVertical,-0.4790599227871626,0.3465037537632923,-0.5303220691505706,0.6076145637888427,-0.08703064173460007,0.949684739112854,-0.3008734881877899,0,0,0,-1,-1,aiyana
2023-05-08T04:31:45Z,212799.62085225,-0.092376708984375,0.944366455078125,-0.30621337890625,212799.60462625,-1.643694858434628,-0.2829762133288516,-1.251783597366672,0.00861595198512077,0.04877592250704765,-0.0259188711643219,1.9821524620056e-4,-0.00131851434707641,0.00251102447509765,XArbitraryZVertical,-0.4785845426385292,0.3469565445169189,-0.531392772915192,0.6067946887532853,-0.087569959461689,0.9495455026626588,-0.3011559844017029,0,0,0,-1,-1,aiyana
2023-05-08T04:31:45Z,212799.65452825,-0.0901947021484375,0.93804931640625,-0.307342529296875,212799.60462625,-1.643694858434628,-0.2829762133288516,-1.251783597366672,0.00861595198512077,0.04877592250704765,-0.0259188711643219,1.9821524620056e-4,-0.00131851434707641,0.00251102447509765,XArbitraryZVertical,-0.4785845426385292,0.3469565445169189,-0.531392772915192,0.6067946887532853,-0.087569959461689,0.9495455026626588,-0.3011559844017029,0,0,0,-1,-1,aiyana
2023-05-08T04:31:45Z,212799.68820525,-0.087799072265625,0.94140625,-0.30731201171875,212799.66450925,-1.64644444683981,-0.2829256511411392,-1.251685486227258,-0.00868863239884376,0.03942164033651352,-0.02910241298377514,-0.00322414189577102,-0.01100748777389526,-0.00735875964164733,XArbitraryZVertical,-0.4780698244229826,0.3475976688165797,-0.53226329354499,0.6060702359418649,-0.0875808373093605,0.9495147466659546,-0.3012502193450928,0,0,0,-1,-1,aiyana
2023-05-08T04:31:46Z,212799.72188225,-0.081817626953125,0.951873779296875,-0.301849365234375,212799.66450925,-1.64644444683981,-0.2829256511411392,-1.251685486227258,-0.00868863239884376,0.03942164033651352,-0.02910241298377514,-0.00322414189577102,-0.01100748777389526,-0.00735875964164733,XArbitraryZVertical,-0.4780698244229826,0.3475976688165797,-0.53226329354499,0.6060702359418649,-0.0875808373093605,0.9495147466659546,-0.3012502193450928,0,0,0,-1,-1,aiyana
2023-05-08T04:31:46Z,212799.75558825,-0.0877838134765625,0.949249267578125,-0.307037353515625,212799.72439225,-1.651708639721157,-0.2862036096970368,-1.251184478486773,-0.0105483029037714,0.01226411946117878,-0.02307488210499287,0.00531288981437683,0.00257748365402221,-2.4855136871337e-4,XArbitraryZVertical,-0.4779067497315608,0.3477014632322338,-0.5332002832355771,0.6053151677462563,-0.08870209008455276,0.9493574500083924,-0.3014176487922668,0,0,0,-1,-1,aiyana
2023-05-08T04:31:46Z,212799.78926525,-0.086456298828125,0.955169677734375,-0.300994873046875,212799.78427425,-1.654769545015487,-0.2885023866912133,-1.24984238271536,0.0014024106785655,0.00626435130834579,-0.01725480891764164,0.00259902328252792,0.00206917524337768,9.8145008087158e-4,XArbitraryZVertical,-0.477664805404515,0.3473029052221261,-0.5339160838842835,0.6051039208008242,-0.08975714445114136,0.9489349126815796,-0.3024340569972992,0,0,0,-1,-1,aiyana
2023-05-08T04:31:46Z,212799.82294125,-0.0894012451171875,0.9465789794921876,-0.3047027587890625,212799.78427425,-1.654769545015487,-0.2885023866912133,-1.24984238271536,0.0014024106785655,0.00626435130834579,-0.01725480891764164,0.00259902328252792,0.00206917524337768,9.8145008087158e-4,XArbitraryZVertical,-0.477664805404515,0.3473029052221261,-0.5339160838842835,0.6051039208008242,-0.08975714445114136,0.9489349126815796,-0.3024340569972992,0,0,0,-1,-1,aiyana
2023-05-08T04:31:46Z,212799.85661825,-0.09686279296875,0.947967529296875,-0.3070831298828125,212799.84415725,-1.654619835772186,-0.2880177408009801,-1.250116258669408,0.00136426836252212,0.00340504804626107,-0.0085313580930233,-0.00100886076688766,-0.00380027294158935,7.9092383384704e-4,XArbitraryZVertical,-0.4776273485169548,0.3475025034500708,-0.5339173633114715,0.60501773288596,-0.08953671902418137,0.9490212798118592,-0.3022282421588898,0,0,0,-1,-1,aiyana
2023-05-08T04:31:46Z,212799.89032425,-0.0940093994140625,0.9476318359375,-0.3073272705078125,212799.84415725,-1.654619835772186,-0.2880177408009801,-1.250116258669408,0.00136426836252212,0.00340504804626107,-0.0085313580930233,-0.00100886076688766,-0.00380027294158935,7.9092383384704e-4,XArbitraryZVertical,-0.4776273485169548,0.3475025034500708,-0.5339173633114715,0.60501773288596,-0.08953671902418137,0.9490212798118592,-0.3022282421588898,0,0,0,-1,-1,aiyana
2023-05-08T04:31:46Z,212799.92400125,-0.0902252197265625,0.9555511474609376,-0.30828857421875,212799.90404025,-1.654852455414203,-0.2878537486301329,-1.249972301896176,-5.041166441515e-4,-0.00684292800724506,-0.00454247556626796,-0.00472741574048996,-0.00225937366485595,-0.00377795100212097,XArbitraryZVertical,-0.4775084559951045,0.3475607754630234,-0.5340632974622636,0.6049494729170912,-0.08952606469392776,0.9489758610725404,-0.3023743629455566,0,0,0,-1,-1,aiyana
2023-05-08T04:31:46Z,212799.95767725,-0.0892333984375,0.94970703125,-0.309326171875,212799.90404025,-1.654852455414203,-0.2878537486301329,-1.249972301896176,-5.041166441515e-4,-0.00684292800724506,-0.00454247556626796,-0.00472741574048996,-0.00225937366485595,-0.00377795100212097,XArbitraryZVertical,-0.4775084559951045,0.3475607754630234,-0.5340632974622636,0.6049494729170912,-0.08952606469392776,0.9489758610725404,-0.3023743629455566,0,0,0,-1,-1,aiyana
2023-05-08T04:31:46Z,212799.99135425,-0.095123291015625,0.9543304443359376,-0.3018646240234375,212799.96392325,-1.657240856426258,-0.2906767470713898,-1.249538813924554,0.00703231804072856,-0.00441046431660652,-0.00998065061867237,0.00126370042562484,8.6790323257446e-4,-0.00681224465370178,XArbitraryZVertical,-0.4777434600393533,0.3471372385968224,-0.5342209781215831,0.6048676268829318,-0.09049700200557707,0.9488390684127808,-0.3025138378143311,0,0,0,-1,-1,aiyana
2023-05-08T04:31:46Z,212800.02506025,-0.088714599609375,0.9525299072265624,-0.3035888671875,212799.96392325,-1.657240856426258,-0.2906767470713898,-1.249538813924554,0.00703231804072856,-0.00441046431660652,-0.00998065061867237,0.00126370042562484,8.6790323257446e-4,-0.00681224465370178,XArbitraryZVertical,-0.4777434600393533,0.3471372385968224,-0.5342209781215831,0.6048676268829318,-0.09049700200557707,0.9488390684127808,-0.3025138378143311,0,0,0,-1,-1,aiyana
2023-05-08T04:31:46Z,212800.05873725,-0.0934295654296875,0.9450225830078124,-0.3054656982421875,212800.02380525,-1.658740942269207,-0.2925610670820925,-1.247821337728304,0.01257327571511269,-0.01165179908275604,1.0607182048261e-4,0.00332573801279068,0.00418871641159057,0.00386923551559448,XArbitraryZVertical,-0.4775749485503523,0.3463680352237936,-0.534659250649556,0.6050543900865722,-0.0915367305278778,0.9482954144477844,-0.3039027154445648,0,0,0,-1,-1,aiyana
2023-05-08T04:31:46Z,212800.09241425,-0.0915679931640625,0.928863525390625,-0.301239013671875,212800.08368825,-1.65729339221335,-0.2915143339656566,-1.246998228946336,-0.00611554505303502,-0.0164157934486866,0.0071847541257739,0.003170907497406,-0.00394195318222045,0.00671151280403137,XArbitraryZVertical,-0.4773481767072797,0.346071783685049,-0.5346792905879608,0.605385142733895,-0.09144293516874312,0.9480338096618652,-0.3047460913658142,0,0,0,-1,-1,aiyana
2023-05-08T04:31:46Z,212800.1260892917,-0.0933380126953125,0.9479827880859376,-0.3009796142578125,212800.08368825,-1.65729339221335,-0.2915143339656566,-1.246998228946336,-0.00611554505303502,-0.0164157934486866,0.0071847541257739,0.003170907497406,-0.00394195318222045,0.00671151280403137,XArbitraryZVertical,-0.4773481767072797,0.346071783685049,-0.5346792905879608,0.605385142733895,-0.09144293516874312,0.9480338096618652,-0.3047460913658142,0,0,0,-1,-1,aiyana
2023-05-08T04:31:46Z,212800.1597962917,-0.0949554443359375,0.959197998046875,-0.3050079345703125,212800.1435702917,-1.658438917658794,-0.2932201747460548,-1.247810571813595,-0.00445849634706974,-0.01486823055893183,-0.00102177681401372,-0.00394774973392486,0.00797641277313232,0.001545250415802,XArbitraryZVertical,-0.4778007914011082,0.3460928274627295,-0.5344131989902853,0.6052510062569662,-0.09174003452062608,0.9482919573783876,-0.3038523197174072,0,0,0,-1,-1,aiyana
2023-05-08T04:31:46Z,212800.1934722917,-0.0999603271484375,0.9431610107421876,-0.305999755859375,212800.1435702917,-1.658438917658794,-0.2932201747460548,-1.247810571813595,-0.00445849634706974,-0.01486823055893183,-0.00102177681401372,-0.00394774973392486,0.00797641277313232,0.001545250415802,XArbitraryZVertical,-0.4778007914011082,0.3460928274627295,-0.5344131989902853,0.6052510062569662,-0.09174003452062608,0.9482919573783876,-0.3038523197174072,0,0,0,-1,-1,aiyana
2023-05-08T04:31:46Z,212800.2271492917,-0.095672607421875,0.9404449462890624,-0.3047332763671875,212800.2034532917,-1.659340068132818,-0.2953173516960556,-1.2472659540475,0.00658878404647111,-0.02227667719125748,-0.00899661239236593,-0.00593742728233337,-0.00413382053375244,-0.00115939974784851,XArbitraryZVertical,-0.4780748403743055,0.3454961861145759,-0.5343227725777041,0.6054554211187484,-0.09252747148275375,0.9481189846992492,-0.3041536509990692,0,0,0,-1,-1,aiyana
2023-05-08T04:31:46Z,212800.2608252917,-0.095306396484375,0.949798583984375,-0.3020782470703125,212800.2034532917,-1.659340068132818,-0.2953173516960556,-1.2472659540475,0.00658878404647111,-0.02227667719125748,-0.00899661239236593,-0.00593742728233337,-0.00413382053375244,-0.00115939974784851,XArbitraryZVertical,-0.4780748403743055,0.3454961861145759,-0.5343227725777041,0.6054554211187484,-0.09252747148275375,0.9481189846992492,-0.3041536509990692,0,0,0,-1,-1,aiyana
2023-05-08T04:31:46Z,212800.2945322917,-0.0973968505859375,0.9490509033203124,-0.3048553466796875,212800.2633352917,-1.660956004044116,-0.29780657344961,-1.247523335274435,-0.00970526412129402,-0.01448879856616259,-0.00295097078196704,-0.00101043283939361,-0.0025830864906311,0.00264802575111389,XArbitraryZVertical,-0.4785222908098842,0.3452131584321771,-0.5341513031860139,0.6054144771630195,-0.09321252256631853,0.9482007622718812,-0.3036885857582092,0,0,0,-1,-1,aiyana
2023-05-08T04:31:46Z,212800.3282082917,-0.09716796875,0.94329833984375,-0.3050994873046875,212800.3232182917,-1.662988415246795,-0.3005323032923821,-1.2470332945773,0.0047421921044588,-0.00665717292577028,-0.00885732937604188,-0.00155605375766754,-0.00140494108200073,-6.1187148094177e-4,XArbitraryZVertical,-0.4787829305761498,0.3447148094760021,-0.5342386833662743,0.6054152801558325,-0.0941774994134903,0.9480449557304382,-0.303877204656601,0,0,0,-1,-1,aiyana
2023-05-08T04:31:46Z,212800.3618852917,-0.09259033203125,0.9406890869140624,-0.302520751953125,212800.3232182917,-1.662988415246795,-0.3005323032923821,-1.2470332945773,0.0047421921044588,-0.00665717292577028,-0.00885732937604188,-0.00155605375766754,-0.00140494108200073,-6.1187148094177e-4,XArbitraryZVertical,-0.4787829305761498,0.3447148094760021,-0.5342386833662743,0.6054152801558325,-0.0941774994134903,0.9480449557304382,-0.303877204656601,0,0,0,-1,-1,aiyana
2023-05-08T04:31:46Z,212800.3955612917,-0.0912628173828125,0.94390869140625,-0.301055908203125,212800.3831012917,-1.664822364714323,-0.30277400817218447,-1.247576046220347,-0.0184712503105402,-0.01041968632489443,0.00116441212594509,0.00251151621341705,-0.00304228067398071,0.00315591692924499,XArbitraryZVertical,-0.4791946594806313,0.3446525689184932,-0.5341187585890711,0.6052307651834014,-0.09470503777265547,0.948217511177063,-0.3031741678714752,0,0,0,-1,-1,aiyana
2023-05-08T04:31:46Z,212800.4292682917,-0.0931854248046875,0.9485015869140624,-0.303985595703125,212800.3831012917,-1.664822364714323,-0.30277400817218447,-1.247576046220347,-0.0184712503105402,-0.01041968632489443,0.00116441212594509,0.00251151621341705,-0.00304228067398071,0.00315591692924499,XArbitraryZVertical,-0.4791946594806313,0.3446525689184932,-0.5341187585890711,0.6052307651834014,-0.09470503777265547,0.948217511177063,-0.3031741678714752,0,0,0,-1,-1,aiyana
2023-05-08T04:31:46Z,212800.4629442917,-0.0964202880859375,0.95196533203125,-0.304107666015625,212800.4429842917,-1.666223813826201,-0.3045482851639471,-1.248011452007409,-0.00811652559787035,-0.00613239780068397,-0.01061022188514471,4.5353919267654e-4,0.00252628326416015,-3.0562281608581e-4,XArbitraryZVertical,-0.4795302445428937,0.3445937503317189,-0.5340065659377548,0.6050974530912693,-0.09511899948120116,0.9483557343482972,-0.3026117980480194,0,0,0,-1,-1,aiyana
2023-05-08T04:31:46Z,212800.4966212917,-0.095947265625,0.946929931640625,-0.29962158203125,212800.4429842917,-1.666223813826201,-0.3045482851639471,-1.248011452007409,-0.00811652559787035,-0.00613239780068397,-0.01061022188514471,4.5353919267654e-4,0.00252628326416015,-3.0562281608581e-4,XArbitraryZVertical,-0.4795302445428937,0.3445937503317189,-0.5340065659377548,0.6050974530912693,-0.09511899948120116,0.9483557343482972,-0.3026117980480194,0,0,0,-1,-1,aiyana
2023-05-08T04:31:46Z,212800.5302982917,-0.0942840576171875,0.949462890625,-0.3017578125,212800.5028662917,-1.666227334608211,-0.3048228458170021,-1.248250332079134,1.8593796994537e-4,-0.00589883886277675,-0.01283529307693243,-8.1298500299453e-4,-0.00150132179260253,0.00274845957756042,XArbitraryZVertical,-0.4796594957851752,0.3445892681832022,-0.5338809157407535,0.6051086183330707,-0.09513422846794128,0.948431432247162,-0.302370011806488,0,0,0,-1,-1,aiyana
2023-05-08T04:31:46Z,212800.5640042917,-0.09442138671875,0.947357177734375,-0.303375244140625,212800.5028662917,-1.666227334608211,-0.3048228458170021,-1.248250332079134,1.8593796994537e-4,-0.00589883886277675,-0.01283529307693243,-8.1298500299453e-4,-0.00150132179260253,0.00274845957756042,XArbitraryZVertical,-0.4796594957851752,0.3445892681832022,-0.5338809157407535,0.6051086183330707,-0.09513422846794128,0.948431432247162,-0.302370011806488,0,0,0,-1,-1,aiyana
2023-05-08T04:31:46Z,212800.5976812917,-0.0963134765625,0.9485321044921876,-0.3016510009765625,212800.5627492917,-1.667763608191456,-0.3066603271004687,-1.247912520727071,-0.00193143775686621,-0.00514669530093669,-0.0108565641567111,0.00377582013607025,0.00217622518539428,-6.7707896232604e-4,XArbitraryZVertical,-0.4798055506260827,0.3442917045686167,-0.5339911388593008,0.6050647847891935,-0.09578625112771988,0.9483243227005004,-0.3024997115135193,0,0,0,-1,-1,aiyana
2023-05-08T04:31:46Z,212800.6313572917,-0.0922393798828125,0.954071044921875,-0.2974090576171875,212800.6226322917,-1.670285556874409,-0.3092762554236144,-1.247523377841401,0.00611425284296274,-0.01121610589325428,-0.01474717631936073,-0.00224839895963668,0.00161308050155639,-0.00156912207603454,XArbitraryZVertical,-0.4799783330526305,0.3439782775203458,-0.5342257961959814,0.6048988017588675,-0.09668951481580734,0.9482007622718812,-0.3025994896888733,0,0,0,-1,-1,aiyana
2023-05-08T04:31:46Z,212800.6650342917,-0.0994720458984375,0.9449615478515624,-0.2996368408203125,212800.6226322917,-1.670285556874409,-0.3092762554236144,-1.247523377841401,0.00611425284296274,-0.01121610589325428,-0.01474717631936073,-0.00224839895963668,0.00161308050155639,-0.00156912207603454,XArbitraryZVertical,-0.4799783330526305,0.3439782775203458,-0.5342257961959814,0.6048988017588675,-0.09668951481580734,0.9482007622718812,-0.3025994896888733,0,0,0,-1,-1,aiyana
2023-05-08T04:31:47Z,212800.6987402917,-0.095001220703125,0.948577880859375,-0.3017425537109375,212800.6825142917,-1.6713493059476,-0.3105180609851736,-1.247148838622874,0.00405886955559253,-0.00486226938664913,-0.01708756200969219,0.00223363190889358,-0.00507324934005737,0.00215831398963928,XArbitraryZVertical,-0.4800389323743925,0.3437352498613842,-0.5343453681297892,0.6048832834292912,-0.0971737504005432,0.9480817317962646,-0.3028174042701721,0,0,0,-1,-1,aiyana
2023-05-08T04:31:47Z,212800.7324172917,-0.09844970703125,0.9530792236328124,-0.303070068359375,212800.6825142917,-1.6713493059476,-0.3105180609851736,-1.247148838622874,0.00405886955559253,-0.00486226938664913,-0.01708756200969219,0.00223363190889358,-0.00507324934005737,0.00215831398963928,XArbitraryZVertical,-0.4800389323743925,0.3437352498613842,-0.5343453681297892,0.6048832834292912,-0.0971737504005432,0.9480817317962646,-0.3028174042701721,0,0,0,-1,-1,aiyana
2023-05-08T04:31:47Z,212800.7660932917,-0.0976104736328125,0.9510498046875,-0.296173095703125,212800.7423972917,-1.673365447799278,-0.3125303032451332,-1.246981021961691,0.01626776158809662,-0.00237694103270769,-0.00813614577054977,-8.0092251300811e-4,0.0051271915435791,0.00115224719047546,XArbitraryZVertical,-0.480190747247735,0.3435557016040702,-0.5345149975609448,0.6047148952841694,-0.09783181548118591,0.948028326034546,-0.3027726411819458,0,0,0,-1,-1,aiyana
2023-05-08T04:31:47Z,212800.7997702917,-0.10125732421875,0.9468994140625,-0.306182861328125,212800.7423972917,-1.673365447799278,-0.3125303032451332,-1.246981021961691,0.01626776158809662,-0.00237694103270769,-0.00813614577054977,-8.0092251300811e-4,0.0051271915435791,0.00115224719047546,XArbitraryZVertical,-0.480190747247735,0.3435557016040702,-0.5345149975609448,0.6047148952841694,-0.09783181548118591,0.948028326034546,-0.3027726411819458,0,0,0,-1,-1,aiyana
2023-05-08T04:31:47Z,212800.8334762917,-0.0860595703125,0.9671630859375,-0.2954559326171875,212800.8022802917,-1.672581213780713,-0.3114155429930469,-1.246667561028349,0.01451568305492401,0.03495225310325623,0.00196442543528974,-0.00252747535705566,-0.00420278310775756,-0.00320121645927429,XArbitraryZVertical,-0.4799538036933921,0.3436014946311885,-0.5346258415384988,0.6047791251560793,-0.09758538752794266,0.947928547859192,-0.3031647205352783,0,0,0,-1,-1,aiyana
2023-05-08T04:31:47Z,212800.8671532917,-0.103973388671875,0.9307403564453124,-0.305145263671875,212800.8621632917,-1.670787806468295,-0.3094469024047962,-1.246710143038005,0.00170546374283731,0.00872917287051677,-0.01072660274803638,-0.00362512469291687,-0.01761364936828613,0.00291776657104492,XArbitraryZVertical,-0.4797458411311334,0.3437807033342345,-0.5345448550904002,0.6049137459897765,-0.09697599709033966,0.9479421377182008,-0.30331751704216,0,0,0,-1,-1,aiyana
2023-05-08T04:31:47Z,212800.9008302917,-0.0992279052734375,0.950408935546875,-0.3069305419921875,212800.8621632917,-1.670787806468295,-0.3094469024047962,-1.246710143038005,0.00170546374283731,0.00872917287051677,-0.01072660274803638,-0.00362512469291687,-0.01761364936828613,0.00291776657104492,XArbitraryZVertical,-0.4797458411311334,0.3437807033342345,-0.5345448550904002,0.6049137459897765,-0.09697599709033966,0.9479421377182008,-0.30331751704216,0,0,0,-1,-1,aiyana
2023-05-08T04:31:47Z,212800.9345062917,-0.09881591796875,0.9596710205078124,-0.3025054931640625,212800.9220452917,-1.67116674501428,-0.309872488130941,-1.246965020039429,0.00248408317565918,-0.00435040984302759,7.734599057585e-4,-0.00187592953443527,0.00151610374450683,-0.00141224265098571,XArbitraryZVertical,-0.4798544852636901,0.3438262361227193,-0.5344921856258763,0.6048483427417816,-0.09703148901462556,0.94802325963974,-0.3030463755130768,0,0,0,-1,-1,aiyana
2023-05-08T04:31:47Z,212800.9682122917,-0.09375,0.9532470703125,-0.3024749755859375,212800.9220452917,-1.67116674501428,-0.309872488130941,-1.246965020039429,0.00248408317565918,-0.00435040984302759,7.734599057585e-4,-0.00187592953443527,0.00151610374450683,-0.00141224265098571,XArbitraryZVertical,-0.4798544852636901,0.3438262361227193,-0.5344921856258763,0.6048483427417816,-0.09703148901462556,0.94802325963974,-0.3030463755130768,0,0,0,-1,-1,aiyana
2023-05-08T04:31:47Z,212801.0018892917,-0.097930908203125,0.938140869140625,-0.303558349609375,212800.9819282917,-1.671033091416116,-0.3099420291672675,-1.246022895765612,0.00971179921180009,-0.00628100149333477,-0.00579416146501898,5.2306801080703e-4,-0.00260895490646362,0.00185713171958923,XArbitraryZVertical,-0.4796740648448983,0.343464732383213,-0.5346760658206384,0.6050340703995842,-0.09732475131750108,0.9477230310440063,-0.3038895428180695,0,0,0,-1,-1,aiyana
2023-05-08T04:31:47Z,212801.0355662917,-0.099212646484375,0.9447174072265624,-0.30511474609375,212800.9819282917,-1.671033091416116,-0.3099420291672675,-1.246022895765612,0.00971179921180009,-0.00628100149333477,-0.00579416146501898,5.2306801080703e-4,-0.00260895490646362,0.00185713171958923,XArbitraryZVertical,-0.4796740648448983,0.343464732383213,-0.5346760658206384,0.6050340703995842,-0.09732475131750108,0.9477230310440063,-0.3038895428180695,0,0,0,-1,-1,aiyana
2023-05-08T04:31:47Z,212801.0692422917,-0.0970458984375,0.9553070068359376,-0.304351806640625,212801.0418112917,-1.671330486087597,-0.3101273407845254,-1.246302768079428,-0.0032292257528752,0.01107595022767782,-9.5413252711296e-4,-0.00191240012645721,-0.0030948519706726,-0.00149562954902648,XArbitraryZVertical,-0.4797384722877855,0.3435716721997732,-0.5346499875254392,0.6049453702891042,-0.09730014950037004,0.94781231880188,-0.303618997335434,0,0,0,-1,-1,aiyana
2023-05-08T04:31:47Z,212801.1029495417,-0.0982666015625,0.9444427490234376,-0.3059234619140625,212801.0418112917,-1.671330486087597,-0.3101273407845254,-1.246302768079428,-0.0032292257528752,0.01107595022767782,-9.5413252711296e-4,-0.00191240012645721,-0.0030948519706726,-0.00149562954902648,XArbitraryZVertical,-0.4797384722877855,0.3435716721997732,-0.5346499875254392,0.6049453702891042,-0.09730014950037004,0.94781231880188,-0.303618997335434,0,0,0,-1,-1,aiyana
2023-05-08T04:31:47Z,212801.1366255417,-0.0946807861328125,0.9417724609375,-0.303741455078125,212801.1016945417,-1.671062248064239,-0.309506912805325,-1.245527273885168,0.02112604677677155,0.00729273073375225,-0.00865919049829244,5.9504061937332e-4,5.4019689559936e-4,8.887052536010742e-5,XArbitraryZVertical,-0.4794358173118571,0.3434406691846037,-0.5349160371901062,0.6050246108753847,-0.09733570367097856,0.9475647807121276,-0.3043796122074127,0,0,0,-1,-1,aiyana
2023-05-08T04:31:47Z,212801.1703025417,-0.09857177734375,0.950042724609375,-0.31005859375,212801.1615765417,-1.671995033704152,-0.3102546976714564,-1.245050369901804,-0.00481911795213818,0.01260813418775797,-9.7570416983217e-4,-0.00172494351863861,-0.00547188520431518,-0.0027274489402771,XArbitraryZVertical,-0.4793632868776022,0.3432816375256909,-0.5351409419986368,0.6049734828583043,-0.0977012664079666,0.9474122524261476,-0.3047371208667755,0,0,0,-1,-1,aiyana
2023-05-08T04:31:47Z,212801.2039785417,-0.0974884033203125,0.9570159912109376,-0.304351806640625,212801.1615765417,-1.671995033704152,-0.3102546976714564,-1.245050369901804,-0.00481911795213818,0.01260813418775797,-9.7570416983217e-4,-0.00172494351863861,-0.00547188520431518,-0.0027274489402771,XArbitraryZVertical,-0.4793632868776022,0.3432816375256909,-0.5351409419986368,0.6049734828583043,-0.0977012664079666,0.9474122524261476,-0.3047371208667755,0,0,0,-1,-1,aiyana
2023-05-08T04:31:47Z,212801.2376855417,-0.0963897705078125,0.9506683349609376,-0.306365966796875,212801.2214595417,-1.671915779755387,-0.3095147565870356,-1.244657491329717,0.01801097765564919,0.01462880708277225,-0.01147601567208767,-0.00453784316778183,6.0486793518066e-4,-6.6792964935302e-4,XArbitraryZVertical,-0.4790862390892759,0.3433575438140866,-0.535394754090971,0.60492534436847,-0.0975891575217247,0.9472864866256714,-0.3051639497280121,0,0,0,-1,-1,aiyana
2023-05-08T04:31:47Z,212801.2713615417,-0.1011505126953125,0.9360198974609376,-0.3114776611328125,212801.2214595417,-1.671915779755387,-0.3095147565870356,-1.244657491329717,0.01801097765564919,0.01462880708277225,-0.01147601567208767,-0.00453784316778183,6.0486793518066e-4,-6.6792964935302e-4,XArbitraryZVertical,-0.4790862390892759,0.3433575438140866,-0.535394754090971,0.60492534436847,-0.0975891575217247,0.9472864866256714,-0.3051639497280121,0,0,0,-1,-1,aiyana
2023-05-08T04:31:47Z,212801.3050385417,-0.10125732421875,0.9556884765625,-0.3114166259765625,212801.2813425417,-1.672678873777646,-0.3098497277933399,-1.244076284712885,-0.01024218648672104,0.01695780828595161,8.711980190128e-4,-0.00294035673141479,-0.00795203447341918,-0.00522726774215698,XArbitraryZVertical,-0.478907956298139,0.3432485246921366,-0.5356938701520289,0.6048634517885572,-0.09785913676023485,0.9471001029014589,-0.3056552410125732,0,0,0,-1,-1,aiyana
2023-05-08T04:31:47Z,212801.3387155417,-0.0944671630859375,0.9593963623046876,-0.30230712890625,212801.2813425417,-1.672678873777646,-0.3098497277933399,-1.244076284712885,-0.01024218648672104,0.01695780828595161,8.711980190128e-4,-0.00294035673141479,-0.00795203447341918,-0.00522726774215698,XArbitraryZVertical,-0.478907956298139,0.3432485246921366,-0.5356938701520289,0.6048634517885572,-0.09785913676023485,0.9471001029014589,-0.3056552410125732,0,0,0,-1,-1,aiyana
2023-05-08T04:31:47Z,212801.3724215417,-0.1313629150390625,0.9433441162109376,-0.3336639404296875,212801.3412255417,-1.673221348771587,-0.3103043247227688,-1.244361609456928,-0.04682606086134911,-0.1409575194120407,-0.02575641870498657,0.0021514669060707,0.01595848798751831,0.00101691484451293,XArbitraryZVertical,-0.4790038282803479,0.3433345927550525,-0.535676083444531,0.6047544291619383,-0.09791556000709534,0.9471916556358336,-0.3053533732891083,0,0,0,-1,-1,aiyana
2023-05-08T04:31:47Z,212801.4060985417,-0.1100616455078125,0.942535400390625,-0.3127899169921875,212801.4011075417,-1.67668175151282,-0.3140084114254623,-1.242416970239331,0.02396858856081963,0.03624129295349121,-0.0300076212733984,0.01151056587696075,-0.00821167230606079,0.0017169713973999,XArbitraryZVertical,-0.4789460699547233,0.3424041529693991,-0.5363332276825015,0.6047453423223419,-0.09961474686861038,0.9465662837028505,-0.3067401051521301,0,0,0,-1,-1,aiyana
2023-05-08T04:31:47Z,212801.4397745417,-0.098541259765625,0.960052490234375,-0.302337646484375,212801.4011075417,-1.67668175151282,-0.3140084114254623,-1.242416970239331,0.02396858856081963,0.03624129295349121,-0.0300076212733984,0.01151056587696075,-0.00821167230606079,0.0017169713973999,XArbitraryZVertical,-0.4789460699547233,0.3424041529693991,-0.5363332276825015,0.6047453423223419,-0.09961474686861038,0.9465662837028505,-0.3067401051521301,0,0,0,-1,-1,aiyana
2023-05-08T04:31:47Z,212801.4734515417,-0.1038818359375,0.941375732421875,-0.314666748046875,212801.4609905417,-1.677522725679722,-0.3138685459905211,-1.239959671195952,0.04139745235443115,0.01355575304478407,0.00374608044512569,0.00493755191564559,0.00695747137069702,0.00732976198196411,XArbitraryZVertical,-0.478187716857583,0.3418388383385527,-0.5372502707767215,0.6048512568634443,-0.1002896577119827,0.9457709193229676,-0.3089654445648193,0,0,0,-1,-1,aiyana
