loggingTime(txt),accelerometerTimestamp_sinceReboot(s),accelerometerAccelerationX(G),accelerometerAccelerationY(G),accelerometerAccelerationZ(G),motionTimestamp_sinceReboot(s),motionYaw(rad),motionRoll(rad),motionPitch(rad),motionRotationRateX(rad/s),motionRotationRateY(rad/s),motionRotationRateZ(rad/s),motionUserAccelerationX(G),motionUserAccelerationY(G),motionUserAccelerationZ(G),motionAttitudeReferenceFrame(txt),motionQuaternionX(R),motionQuaternionY(R),motionQuaternionZ(R),motionQuaternionW(R),motionGravityX(G),motionGravityY(G),motionGravityZ(G),motionMagneticFieldX(µT),motionMagneticFieldY(µT),motionMagneticFieldZ(µT),motionHeading(°),motionMagneticFieldCalibrationAccuracy(Z),label
2023-05-08T04:37:41Z,213023.598223,0.44091796875,0.35809326171875,-0.8296661376953125,213023.543332,-0.310696859573532,0.4898173457264406,-0.3667416571696824,0.02810703590512276,-0.00329699646681547,-0.00773320905864238,0.00671327114105224,-0.00472441315650939,0.00872087478637695,XArbitraryZVertical,-0.1378866196469649,0.2629030093752953,-0.1912709858733183,0.9355666296591384,0.4391791522502899,0.3585756719112396,-0.8237385749816895,0,0,0,-1,-1,peace_right_left
2023-05-08T04:37:41Z,213023.631899,0.4365386962890625,0.3609161376953125,-0.8157806396484375,213023.603213,-0.3108268361350348,0.4892418778523362,-0.3687553516767785,0.01006033271551132,0.00138124544173479,0.01124474313110113,5.2383542060852e-4,0.00107172131538391,-0.0055052638053894,XArbitraryZVertical,-0.1388803132094391,0.2627473896675595,-0.1915013168599846,0.9354162020843276,0.4383648037910461,0.3604547381401062,-0.8233521580696106,0,0,0,-1,-1,peace_right_left
2023-05-08T04:37:41Z,213023.665575,0.4343109130859375,0.3545379638671875,-0.82513427734375,213023.663095,-0.311554805220275,0.4891586793512705,-0.3665455634374732,-1.3929314445704e-4,1.9886810332536e-4,-0.01267736777663231,-0.00322937965393066,-0.00220674276351928,-0.00333338975906372,XArbitraryZVertical,-0.1377438724947137,0.2626438049007857,-0.1916065519766294,0.9355917716015616,0.4386695027351379,0.3583926260471344,-0.8240897059440613,0,0,0,-1,-1,peace_right_left
2023-05-08T04:37:41Z,213023.69928,0.42816162109375,0.3516387939453125,-0.81329345703125,213023.663095,-0.311554805220275,0.4891586793512705,-0.3665455634374732,-1.3929314445704e-4,1.9886810332536e-4,-0.01267736777663231,-0.00322937965393066,-0.00220674276351928,-0.00333338975906372,XArbitraryZVertical,-0.1377438724947137,0.2626438049007857,-0.1916065519766294,0.9355917716015616,0.4386695027351379,0.3583926260471344,-0.8240897059440613,0,0,0,-1,-1,peace_right_left
2023-05-08T04:37:41Z,213023.732956,0.464080810546875,0.369842529296875,-0.8119049072265625,213023.722976,-0.3110705920761263,0.4903275724236528,-0.3667956855313279,0.01638389006257057,-0.02167174220085144,-0.00324018998071551,0.01268032193183899,0.00637933611869812,0.00474119186401367,XArbitraryZVertical,-0.1378142860034999,0.2631702403128038,-0.1914865959304069,0.9354580397673316,0.4395902454853058,0.3586260974407196,-0.8234972953796387,0,0,0,-1,-1,peace_right_left
2023-05-08T04:37:41Z,213023.766632,0.433563232421875,0.3491363525390625,-0.8204803466796875,213023.722976,-0.3110705920761263,0.4903275724236528,-0.3667956855313279,0.01638389006257057,-0.02167174220085144,-0.00324018998071551,0.01268032193183899,0.00637933611869812,0.00474119186401367,XArbitraryZVertical,-0.1378142860034999,0.2631702403128038,-0.1914865959304069,0.9354580397673316,0.4395902454853058,0.3586260974407196,-0.8234972953796387,0,0,0,-1,-1,peace_right_left
2023-05-08T04:37:41Z,213023.800307,0.4359130859375,0.3527069091796875,-0.8287353515625,213023.782857,-0.3124810993227476,0.4884460490987718,-0.3655170122905488,-0.00440481910482049,-0.02000147476792336,-0.01028797961771488,7.8633427619934e-4,-0.01349911093711853,0.00218689441680908,XArbitraryZVertical,-0.1372024091154552,0.2623202365102579,-0.191884153958781,0.935705169360744,0.4382548630237579,0.3574321866035461,-0.8247271776199341,0,0,0,-1,-1,peace_right_left
2023-05-08T04:37:41Z,213023.834013,0.432342529296875,0.3552398681640625,-0.8189849853515625,213023.782857,-0.3124810993227476,0.4884460490987718,-0.3655170122905488,-0.00440481910482049,-0.02000147476792336,-0.01028797961771488,7.8633427619934e-4,-0.01349911093711853,0.00218689441680908,XArbitraryZVertical,-0.1372024091154552,0.2623202365102579,-0.191884153958781,0.935705169360744,0.4382548630237579,0.3574321866035461,-0.8247271776199341,0,0,0,-1,-1,peace_right_left
2023-05-08T04:37:41Z,213023.867688,0.4470062255859375,0.3756866455078125,-0.819244384765625,213023.842738,-0.3117230815929597,0.4894031889613027,-0.3666424645864159,0.03296517580747604,0.01914439722895622,0.01238084770739079,-0.01018941402435303,8.4608793258666e-4,0.00144201517105102,XArbitraryZVertical,-0.137744331902428,0.2627748455820748,-0.1917121902578777,0.935533214227322,0.4388546645641327,0.3584830760955811,-0.823951780796051,0,0,0,-1,-1,peace_right_left
2023-05-08T04:37:41Z,213023.901364,0.431549072265625,0.346343994140625,-0.826141357421875,213023.842738,-0.3117230815929597,0.4894031889613027,-0.3666424645864159,0.03296517580747604,0.01914439722895622,0.01238084770739079,-0.01018941402435303,8.4608793258666e-4,0.00144201517105102,XArbitraryZVertical,-0.137744331902428,0.2627748455820748,-0.1917121902578777,0.935533214227322,0.4388546645641327,0.3584830760955811,-0.823951780796051,0,0,0,-1,-1,peace_right_left
2023-05-08T04:37:41Z,213023.93504,0.4365234375,0.342742919921875,-0.829681396484375,213023.902619,-0.312987103447477,0.4889260853275114,-0.3632456908961579,0.01943218894302845,0.01259282045066357,0.00409229099750518,-0.00748172402381897,-0.00896605849266052,-9.1004371643066e-4,XArbitraryZVertical,-0.1360117468265321,0.2624598263635131,-0.1919179086976939,0.9358328533366428,0.4390308856964111,0.3553099930286407,-0.8252313137054443,0,0,0,-1,-1,peace_right_left
2023-05-08T04:37:41Z,213023.968745,0.43597412109375,0.3503875732421875,-0.8214569091796875,213023.9625,-0.3126585579821783,0.4894674895187933,-0.3647752660335602,-0.00499533070251345,0.00202446524053812,-0.00244337227195501,0.00224578380584716,-0.00391045212745666,0.00522273778915405,XArbitraryZVertical,-0.136729010233882,0.2627712980502392,-0.1919601137367915,0.9356322376945796,0.4392215609550476,0.356739342212677,-0.8245128393173218,0,0,0,-1,-1,peace_right_left
2023-05-08T04:37:41Z,213024.002421,0.43853759765625,0.3641204833984375,-0.815521240234375,213023.9625,-0.3126585579821783,0.4894674895187933,-0.3647752660335602,-0.00499533070251345,0.00202446524053812,-0.00244337227195501,0.00224578380584716,-0.00391045212745666,0.00522273778915405,XArbitraryZVertical,-0.136729010233882,0.2627712980502392,-0.1919601137367915,0.9356322376945796,0.4392215609550476,0.356739342212677,-0.8245128393173218,0,0,0,-1,-1,peace_right_left
2023-05-08T04:37:41Z,213024.036097,0.4333038330078125,0.345306396484375,-0.8245849609375,213024.022381,-0.3137403608707643,0.4889352719999807,-0.3621740993675933,0.02591448463499546,0.00347755290567874,-0.00228384882211685,1.5985965728759e-4,0.00108429789543151,0.0015730857849121,XArbitraryZVertical,-0.1354032872319437,0.2624585320773416,-0.1921596227887122,0.9358719125437018,0.4392170608043671,0.3543081283569336,-0.8255629539489746,0,0,0,-1,-1,peace_right_left
2023-05-08T04:37:41Z,213024.069772,0.4365234375,0.3495330810546875,-0.826080322265625,213024.022381,-0.3137403608707643,0.4889352719999807,-0.3621740993675933,0.02591448463499546,0.00347755290567874,-0.00228384882211685,1.5985965728759e-4,0.00108429789543151,0.0015730857849121,XArbitraryZVertical,-0.1354032872319437,0.2624585320773416,-0.1921596227887122,0.9358719125437018,0.4392170608043671,0.3543081283569336,-0.8255629539489746,0,0,0,-1,-1,peace_right_left
2023-05-08T04:37:41Z,213024.103478,0.4388885498046875,0.3534393310546875,-0.8225860595703125,213024.082262,-0.3137940419556627,0.4895783382941364,-0.3624229244512586,-0.00257362960837781,0.01012393645942211,0.00364461378194391,-0.00142812728881835,-0.0034208595752716,0.00513416528701782,XArbitraryZVertical,-0.1354525633305592,0.2627762686161365,-0.1922541781123723,0.935756131139884,0.4397063553333282,0.3545407950878143,-0.825202465057373,0,0,0,-1,-1,peace_right_left
2023-05-08T04:37:41Z,213024.137153,0.44140625,0.3556976318359375,-0.822998046875,213024.082262,-0.3137940419556627,0.4895783382941364,-0.3624229244512586,-0.00257362960837781,0.01012393645942211,0.00364461378194391,-0.00142812728881835,-0.0034208595752716,0.00513416528701782,XArbitraryZVertical,-0.1354525633305592,0.2627762686161365,-0.1922541781123723,0.935756131139884,0.4397063553333282,0.3545407950878143,-0.825202465057373,0,0,0,-1,-1,peace_right_left
2023-05-08T04:37:41Z,213024.170829,0.436370849609375,0.343048095703125,-0.818603515625,213024.142144,-0.3147342403856534,0.4895668511794071,-0.3605062227653153,0.03042400255799294,0.00532518699765205,-0.00526765454560518,0.00284025073051452,1.996755599975586e-5,0.00245678424835205,XArbitraryZVertical,-0.1344202413607849,0.2627324040088905,-0.1924937974644074,0.9358681457478036,0.4400156438350677,0.3527479469776154,-0.8258057832717896,0,0,0,-1,-1,peace_right_left
2023-05-08T04:37:41Z,213024.204505,0.444854736328125,0.348419189453125,-0.83050537109375,213024.202025,-0.3143547629897205,0.4903991011176363,-0.360362007718123,-0.01647216454148293,0.00410838844254612,0.00321557861752808,0.0037466287612915,-0.00738295912742614,-0.00450241565704345,XArbitraryZVertical,-0.1343215911113397,0.2630886629472169,-0.1923571277054221,0.9358102852480844,0.4407267272472382,0.3526130020618439,-0.8254841566085815,0,0,0,-1,-1,peace_right_left
2023-05-08T04:37:42Z,213024.23821,0.443634033203125,0.3537750244140625,-0.8168487548828125,213024.202025,-0.3143547629897205,0.4903991011176363,-0.360362007718123,-0.01647216454148293,0.00410838844254612,0.00321557861752808,0.0037466287612915,-0.00738295912742614,-0.00450241565704345,XArbitraryZVertical,-0.1343215911113397,0.2630886629472169,-0.1923571277054221,0.9358102852480844,0.4407267272472382,0.3526130020618439,-0.8254841566085815,0,0,0,-1,-1,peace_right_left
2023-05-08T04:37:42Z,213024.271886,0.438720703125,0.3453369140625,-0.82275390625,213024.261906,-0.314568900760111,0.4900235362198405,-0.3596583486564718,0.01182048954069614,0.00364526500925421,-0.00353233888745307,-0.00393351912498474,-0.00339797139167785,0.00546425580978393,XArbitraryZVertical,-0.1339955045709543,0.2628898075671253,-0.1923587488253944,0.935912567337077,0.4405333399772644,0.351954460144043,-0.8258683085441589,0,0,0,-1,-1,peace_right_left
2023-05-08T04:37:42Z,213024.305562,0.437652587890625,0.3465728759765625,-0.828216552734375,213024.261906,-0.314568900760111,0.4900235362198405,-0.3596583486564718,0.01182048954069614,0.00364526500925421,-0.00353233888745307,-0.00393351912498474,-0.00339797139167785,0.00546425580978393,XArbitraryZVertical,-0.1339955045709543,0.2628898075671253,-0.1923587488253944,0.935912567337077,0.4405333399772644,0.351954460144043,-0.8258683085441589,0,0,0,-1,-1,peace_right_left
2023-05-08T04:37:42Z,213024.33923775,0.44366455078125,0.358001708984375,-0.8206329345703125,213024.321787,-0.3138664262293128,0.4910064191522409,-0.3597220147196312,-0.00835723150521516,0.00417902925983071,0.00425474438816309,-0.00436830520629882,-0.00171810388565063,0.00221878290176391,XArbitraryZVertical,-0.1340236676189912,0.26330604757162013,-0.1921025304240848,0.9358441779498208,0.4413342773914337,0.3520140647888184,-0.8254151344299316,0,0,0,-1,-1,peace_right_left
2023-05-08T04:37:42Z,213024.37294375,0.441680908203125,0.3531036376953125,-0.822601318359375,213024.321787,-0.3138664262293128,0.4910064191522409,-0.3597220147196312,-0.00835723150521516,0.00417902925983071,0.00425474438816309,-0.00436830520629882,-0.00171810388565063,0.00221878290176391,XArbitraryZVertical,-0.1340236676189912,0.26330604757162013,-0.1921025304240848,0.9358441779498208,0.4413342773914337,0.3520140647888184,-0.8254151344299316,0,0,0,-1,-1,peace_right_left
2023-05-08T04:37:42Z,213024.40661975,0.435638427734375,0.3404083251953125,-0.825592041015625,213024.38166875,-0.3145215893236054,0.4905332875169581,-0.358450660184772,0.01449118182063103,0.00204903353005647,-0.00471851043403148,-8.6176395416259e-4,-0.00472396612167358,0.00187551975250244,XArbitraryZVertical,-0.1333793518089849,0.2630607731828885,-0.192244660019548,0.9359759499428544,0.4411541819572449,0.3508237898349762,-0.8260179758071899,0,0,0,-1,-1,peace_right_left
2023-05-08T04:37:42Z,213024.44029475,0.4412689208984375,0.350189208984375,-0.8188018798828125,213024.38166875,-0.3145215893236054,0.4905332875169581,-0.358450660184772,0.01449118182063103,0.00204903353005647,-0.00471851043403148,-8.6176395416259e-4,-0.00472396612167358,0.00187551975250244,XArbitraryZVertical,-0.1333793518089849,0.2630607731828885,-0.192244660019548,0.9359759499428544,0.4411541819572449,0.3508237898349762,-0.8260179758071899,0,0,0,-1,-1,peace_right_left
2023-05-08T04:37:42Z,213024.47397075,0.440673828125,0.3526153564453125,-0.8255615234375,213024.44154975,-0.3141421772314096,0.4912345551240875,-0.3595376018681034,-0.02208047173917294,0.01218662224709988,0.00880848336964845,-2.8422474861145e-4,-0.0016523003578186,0.00656980276107788,XArbitraryZVertical,-0.1338778968960075,0.2634214890940115,-0.1922275781091894,0.9358067864670676,0.4415531754493713,0.3518414497375488,-0.8253716826438904,0,0,0,-1,-1,peace_right_left
2023-05-08T04:37:42Z,213024.50767575,0.4417877197265625,0.354827880859375,-0.8275146484375,213024.50143075,-0.3142742174481181,0.4913024104984441,-0.3582715610018126,0.02535775303840637,-3.4215301275253e-4,-0.00729085784405469,4.1130185127258e-4,0.00624695420265197,0.00494831800460815,XArbitraryZVertical,-0.1332529632860449,0.2633946297017176,-0.1921614111927901,0.935917272169294,0.4418190121650696,0.3506560623645782,-0.8257338404655457,0,0,0,-1,-1,peace_right_left
2023-05-08T04:37:42Z,213024.54135175,0.440185546875,0.32965087890625,-0.82745361328125,213024.50143075,-0.3142742174481181,0.4913024104984441,-0.3582715610018126,0.02535775303840637,-3.4215301275253e-4,-0.00729085784405469,4.1130185127258e-4,0.00624695420265197,0.00494831800460815,XArbitraryZVertical,-0.1332529632860449,0.2633946297017176,-0.1921614111927901,0.935917272169294,0.4418190121650696,0.3506560623645782,-0.8257338404655457,0,0,0,-1,-1,peace_right_left
2023-05-08T04:37:42Z,213024.57502775,0.4413604736328125,0.337493896484375,-0.8312225341796875,213024.56131275,-0.313225577103198,0.4912130635870938,-0.3603067882460232,-0.07407224178314209,-0.01192803587764502,-7.6265132520347e-4,-0.00532665848731994,-0.01914158463478088,8.7779760360717e-4,XArbitraryZVertical,-0.1343658106661544,0.263390725066421,-0.1918776655721293,0.9358174623170068,0.4414076805114746,0.3525613248348236,-0.8251423239707947,0,0,0,-1,-1,peace_right_left
2023-05-08T04:37:42Z,213024.60870275,0.444793701171875,0.360443115234375,-0.8273468017578125,213024.56131275,-0.313225577103198,0.4912130635870938,-0.3603067882460232,-0.07407224178314209,-0.01192803587764502,-7.6265132520347e-4,-0.00532665848731994,-0.01914158463478088,8.7779760360717e-4,XArbitraryZVertical,-0.1343658106661544,0.263390725066421,-0.1918776655721293,0.9358174623170068,0.4414076805114746,0.3525613248348236,-0.8251423239707947,0,0,0,-1,-1,peace_right_left
2023-05-08T04:37:42Z,213024.64240875,0.44842529296875,0.349945068359375,-0.819580078125,213024.62119375,-0.3119375487549602,0.4911962856107431,-0.3617283112097225,-0.02961740829050541,0.01200772356241941,-0.01028851233422756,-0.00293976068496704,0.00430881977081298,-0.00402837991714477,XArbitraryZVertical,-0.1352118327296921,0.2633709918544517,-0.1914225318917959,0.935794368086199,0.4411570131778717,0.3538912236690521,-0.8247069716453552,0,0,0,-1,-1,peace_right_left
2023-05-08T04:37:42Z,213024.67608475,0.4415283203125,0.348297119140625,-0.8114166259765625,213024.62119375,-0.3119375487549602,0.4911962856107431,-0.3617283112097225,-0.02961740829050541,0.01200772356241941,-0.01028851233422756,-0.00293976068496704,0.00430881977081298,-0.00402837991714477,XArbitraryZVertical,-0.1352118327296921,0.2633709918544517,-0.1914225318917959,0.935794368086199,0.4411570131778717,0.3538912236690521,-0.8247069716453552,0,0,0,-1,-1,peace_right_left
2023-05-08T04:37:42Z,213024.70975975,0.444671630859375,0.3679656982421875,-0.8052825927734375,213024.68107475,-0.3115368630199425,0.4918023054490075,-0.3641513886034476,-0.08230098336935043,2.2123847156763e-4,-0.02773461490869522,0.00122395157814025,-0.00467032194137573,0.01284438371658325,XArbitraryZVertical,-0.1363567080944627,0.2637542091346942,-0.1915297218389144,0.9354982271206708,0.4412504732608795,0.3561564683914185,-0.823681116104126,0,0,0,-1,-1,peace_right_left
2023-05-08T04:37:42Z,213024.74343575,0.4422149658203125,0.377838134765625,-0.815887451171875,213024.74095575,-0.3119472951159853,0.4907727943789403,-0.3670155521869308,-0.0293964259326458,-0.05148283392190933,-0.05594281479716301,0.00327193737030029,0.02063944935798645,0.01125073432922363,XArbitraryZVertical,-0.1377605233430726,0.2634503100861444,-0.1919501946825025,0.9352921304075876,0.4399196803569794,0.3588313460350037,-0.8232319355010986,0,0,0,-1,-1,peace_right_left
2023-05-08T04:37:42Z,213024.77714175,0.425933837890625,0.3501739501953125,-0.8181610107421875,213024.74095575,-0.3119472951159853,0.4907727943789403,-0.3670155521869308,-0.0293964259326458,-0.05148283392190933,-0.05594281479716301,0.00327193737030029,0.02063944935798645,0.01125073432922363,XArbitraryZVertical,-0.1377605233430726,0.2634503100861444,-0.1919501946825025,0.9352921304075876,0.4399196803569794,0.3588313460350037,-0.8232319355010986,0,0,0,-1,-1,peace_right_left
2023-05-08T04:37:42Z,213024.81081675,0.4148101806640625,0.3567962646484375,-0.8261566162109375,213024.80083675,-0.3126578248686819,0.4887733392839823,-0.3723002138374533,-0.06918773800134659,-0.03128521889448166,-0.04149756208062172,-0.01835456490516663,-0.01712515950202942,-0.00341206789016723,XArbitraryZVertical,-0.1403667937668105,0.2628404608234006,-0.1926921826373011,0.9349234761253158,0.4373762607574463,0.3637590110301971,-0.8224241137504578,0,0,0,-1,-1,peace_right_left
2023-05-08T04:37:42Z,213024.84449275,0.4250030517578125,0.380096435546875,-0.839202880859375,213024.80083675,-0.3126578248686819,0.4887733392839823,-0.3723002138374533,-0.06918773800134659,-0.03128521889448166,-0.04149756208062172,-0.01835456490516663,-0.01712515950202942,-0.00341206789016723,XArbitraryZVertical,-0.1403667937668105,0.2628404608234006,-0.1926921826373011,0.9349234761253158,0.4373762607574463,0.3637590110301971,-0.8224241137504578,0,0,0,-1,-1,peace_right_left
2023-05-08T04:37:42Z,213024.87816875,0.4155120849609375,0.3552703857421875,-0.831329345703125,213024.86071775,-0.3140456154714271,0.4899461261160991,-0.3739314755751554,3.4698529634624e-4,0.08625778555870056,-0.0320553258061409,-0.01751312613487244,0.00139060616493225,-0.00908887386322021,XArbitraryZVertical,-0.1408447006529078,0.2635712686912442,-0.1935920938365141,0.9344598031609868,0.4380606710910797,0.365278035402298,-0.82138592004776,0,0,0,-1,-1,peace_right_left
2023-05-08T04:37:42Z,213024.91187375,0.4356231689453125,0.3631744384765625,-0.81585693359375,213024.86071775,-0.3140456154714271,0.4899461261160991,-0.3739314755751554,3.4698529634624e-4,0.08625778555870056,-0.0320553258061409,-0.01751312613487244,0.00139060616493225,-0.00908887386322021,XArbitraryZVertical,-0.1408447006529078,0.2635712686912442,-0.1935920938365141,0.9344598031609868,0.4380606710910797,0.365278035402298,-0.82138592004776,0,0,0,-1,-1,peace_right_left
2023-05-08T04:37:42Z,213024.94554975,0.4374237060546875,0.3741912841796875,-0.8162994384765625,213024.92059875,-0.3161271961660519,0.4946603986875845,-0.3746212673724847,0.01715848408639431,0.1614287048578262,-0.00837156921625137,-0.00623083114624023,0.00506681203842163,0.00796300172805786,XArbitraryZVertical,-0.1404382340811249,0.2659553471740811,-0.1949674926927343,0.9335591426767276,0.4418083131313324,0.3659200966358185,-0.8190897107124329,0,0,0,-1,-1,peace_right_left
2023-05-08T04:37:42Z,213024.97922475,0.437408447265625,0.371612548828125,-0.81488037109375,213024.92059875,-0.3161271961660519,0.4946603986875845,-0.3746212673724847,0.01715848408639431,0.1614287048578262,-0.00837156921625137,-0.00623083114624023,0.00506681203842163,0.00796300172805786,XArbitraryZVertical,-0.1404382340811249,0.2659553471740811,-0.1949674926927343,0.9335591426767276,0.4418083131313324,0.3659200966358185,-0.8190897107124329,0,0,0,-1,-1,peace_right_left
2023-05-08T04:37:42Z,213025.01290075,0.4475555419921875,0.379852294921875,-0.8100433349609375,213024.98047975,-0.318046353623837,0.5016770497010663,-0.3740748607749459,0.00340333231724798,0.2153391391038895,-0.00738140568137168,-0.01023221015930176,0.00620099902153015,0.00126439332962036,XArbitraryZVertical,-0.1392362016580942,0.2693341852897667,-0.1962958277473011,0.9324915739906594,0.4476407468318939,0.3654115200042725,-0.8161447644233704,0,0,0,-1,-1,peace_right_left
2023-05-08T04:37:42Z,213025.04660675,0.451324462890625,0.3682708740234375,-0.8016815185546875,213025.04036175,-0.3202588709829932,0.5129112407894111,-0.3739949399454008,0.04161752015352249,0.2503347396850586,-0.01381054241210222,-0.005653977394104,0.00264376401901245,0.00760787725448608,XArbitraryZVertical,-0.1377897792452734,0.274716265378294,-0.1980959256326528,0.9307540220324376,0.4567953646183014,0.3653371334075928,-0.8110898733139038,0,0,0,-1,-1,peace_right_left
2023-05-08T04:37:42Z,213025.08028175,0.477691650390625,0.38140869140625,-0.7895355224609375,213025.04036175,-0.3202588709829932,0.5129112407894111,-0.3739949399454008,0.04161752015352249,0.2503347396850586,-0.01381054241210222,-0.005653977394104,0.00264376401901245,0.00760787725448608,XArbitraryZVertical,-0.1377897792452734,0.274716265378294,-0.1980959256326528,0.9307540220324376,0.4567953646183014,0.3653371334075928,-0.8110898733139038,0,0,0,-1,-1,peace_right_left
2023-05-08T04:37:42Z,213025.11395775,0.492156982421875,0.36334228515625,-0.795318603515625,213025.10024275,-0.3237934949924491,0.5233263727476092,-0.3721258479834654,0.08011829107999802,0.2031147032976151,0.00561561901122331,0.02105960249900818,0.00760391354560852,0.01218545436859131,XArbitraryZVertical,-0.1353793326563743,0.279701986781437,-0.2002453793094312,0.9291615409779372,0.4655584990978241,0.3635965883731842,-0.8068784475326538,0,0,0,-1,-1,peace_right_left
2023-05-08T04:37:42Z,213025.14763375,0.50201416015625,0.3573150634765625,-0.782440185546875,213025.10024275,-0.3237934949924491,0.5233263727476092,-0.3721258479834654,0.08011829107999802,0.2031147032976151,0.00561561901122331,0.02105960249900818,0.00760391354560852,0.01218545436859131,XArbitraryZVertical,-0.1353793326563743,0.279701986781437,-0.2002453793094312,0.9291615409779372,0.4655584990978241,0.3635965883731842,-0.8068784475326538,0,0,0,-1,-1,peace_right_left
2023-05-08T04:37:42Z,213025.18133875,0.4918365478515625,0.340728759765625,-0.793731689453125,213025.16012375,-0.3257557936615806,0.5290697184642656,-0.3705760461902143,0.02615058980882168,0.01888753473758698,0.00727050751447677,0.03432247042655945,-0.01646465063095093,0.02135163545608521,XArbitraryZVertical,-0.1337952002054291,0.2824189190033013,-0.2013699856211683,0.9283257091971786,0.4704688191413879,0.3621524274349213,-0.8046767711639404,0,0,0,-1,-1,peace_right_left
2023-05-08T04:37:42Z,213025.21501475,0.4787750244140625,0.3473663330078125,-0.798004150390625,213025.16012375,-0.3257557936615806,0.5290697184642656,-0.3705760461902143,0.02615058980882168,0.01888753473758698,0.00727050751447677,0.03432247042655945,-0.01646465063095093,0.02135163545608521,XArbitraryZVertical,-0.1337952002054291,0.2824189190033013,-0.2013699856211683,0.9283257091971786,0.4704688191413879,0.3621524274349213,-0.8046767711639404,0,0,0,-1,-1,peace_right_left
2023-05-08T04:37:43Z,213025.24868975,0.4640350341796875,0.3652191162109375,-0.8090057373046875,213025.22000475,-0.3241382237660136,0.5311989902042529,-0.3707404734458275,-0.03300629556179047,-0.05881351605057716,0.00188559596426785,0.00734132528305053,-0.01347455382347107,0.00372564792633056,XArbitraryZVertical,-0.1338875008932816,0.2833075946171073,-0.2007802329636658,0.9281694148208406,0.4721509516239166,0.3623057007789612,-0.8036218881607056,0,0,0,-1,-1,peace_right_left
2023-05-08T04:37:43Z,213025.28236575,0.45281982421875,0.3787384033203125,-0.8115692138671875,213025.27988575,-0.3224078172265885,0.5334790941810995,-0.3693740655781055,0.03179542720317841,0.02095148339867592,-0.00338426697999239,-0.02112358808517456,0.01538723707199097,-0.00882935523986816,XArbitraryZVertical,-0.1332597865949349,0.2841785609439579,-0.1999746469287689,0.92816736739408,0.4742333889007568,0.3610317707061768,-0.8029687404632568,0,0,0,-1,-1,peace_right_left
2023-05-08T04:37:43Z,213025.31607175,0.45843505859375,0.3785247802734375,-0.80096435546875,213025.27988575,-0.3224078172265885,0.5334790941810995,-0.3693740655781055,0.03179542720317841,0.02095148339867592,-0.00338426697999239,-0.02112358808517456,0.01538723707199097,-0.00882935523986816,XArbitraryZVertical,-0.1332597865949349,0.2841785609439579,-0.1999746469287689,0.92816736739408,0.4742333889007568,0.3610317707061768,-0.8029687404632568,0,0,0,-1,-1,peace_right_left
2023-05-08T04:37:43Z,213025.349744875,0.47808837890625,0.3570556640625,-0.79559326171875,213025.339764875,-0.3255483005397392,0.536898335976873,-0.3644045932991594,0.1256987899541855,0.128871351480484,0.0128077520057559,-0.00898522138595581,0.00905489921569824,0.00581622123718261,XArbitraryZVertical,-0.1301249408052943,0.2857102471098171,-0.2010900399739479,0.9279008166038116,0.477887898683548,0.356393039226532,-0.8028743267059326,0,0,0,-1,-1,peace_right_left
2023-05-08T04:37:43Z,213025.383420875,0.5032806396484375,0.3425750732421875,-0.78607177734375,213025.339764875,-0.3255483005397392,0.536898335976873,-0.3644045932991594,0.1256987899541855,0.128871351480484,0.0128077520057559,-0.00898522138595581,0.00905489921569824,0.00581622123718261,XArbitraryZVertical,-0.1301249408052943,0.2857102471098171,-0.2010900399739479,0.9279008166038116,0.477887898683548,0.356393039226532,-0.8028743267059326,0,0,0,-1,-1,peace_right_left
2023-05-08T04:37:43Z,213025.417096875,0.5097198486328125,0.324951171875,-0.7877960205078125,213025.399645875,-0.3290765807760166,0.5385216381308725,-0.3628435071514138,0.02411596477031708,0.03419432044029236,0.00980956573039293,0.02639937400817871,-0.02029356360435486,0.02114105224609375,XArbitraryZVertical,-0.1287199457627216,0.2866078983490481,-0.2026526069695179,0.9274800337533948,0.479475349187851,0.35493403673172,-0.80257415771484375,0,0,0,-1,-1,peace_right_left
2023-05-08T04:37:43Z,213025.450801875,0.4968719482421875,0.3362274169921875,-0.7971954345703125,213025.399645875,-0.3290765807760166,0.5385216381308725,-0.3628435071514138,0.02411596477031708,0.03419432044029236,0.00980956573039293,0.02639937400817871,-0.02029356360435486,0.02114105224609375,XArbitraryZVertical,-0.1287199457627216,0.2866078983490481,-0.2026526069695179,0.9274800337533948,0.479475349187851,0.35493403673172,-0.80257415771484375,0,0,0,-1,-1,peace_right_left
2023-05-08T04:37:43Z,213025.484477875,0.47528076171875,0.358856201171875,-0.8085174560546875,213025.459526875,-0.3270536060100058,0.5380756357177389,-0.3647197499901041,-0.04900038614869118,-0.06924658268690109,0.00697196740657091,0.01310718059539795,-0.01115226745605469,0.00102144479751586,XArbitraryZVertical,-0.1299396935969283,0.2863709945130643,-0.2019009558906751,0.927546966342136,0.4787752032279968,0.3566874861717224,-0.8022146821022034,0,0,0,-1,-1,peace_right_left
2023-05-08T04:37:43Z,213025.518153875,0.4678192138671875,0.3605194091796875,-0.8132171630859375,213025.459526875,-0.3270536060100058,0.5380756357177389,-0.3647197499901041,-0.04900038614869118,-0.06924658268690109,0.00697196740657091,0.01310718059539795,-0.01115226745605469,0.00102144479751586,XArbitraryZVertical,-0.1299396935969283,0.2863709945130643,-0.2019009558906751,0.927546966342136,0.4787752032279968,0.3566874861717224,-0.8022146821022034,0,0,0,-1,-1,peace_right_left
2023-05-08T04:37:43Z,213025.551828875,0.4697113037109375,0.359130859375,-0.79949951171875,213025.519408875,-0.323941166222284,0.5400135757959429,-0.3636218441498639,-0.02701381221413612,-0.02143092826008797,-0.00667300447821617,-0.01271075010299683,0.00485777854919433,-0.01159638166427612,XArbitraryZVertical,-0.1296731086937851,0.2870095950696608,-0.2004567901615309,0.9277002219506822,0.4805300235748291,0.3556616008281708,-0.8016207814216614,0,0,0,-1,-1,peace_right_left
2023-05-08T04:37:43Z,213025.585534875,0.474700927734375,0.3538818359375,-0.7895965576171875,213025.579289875,-0.3237982856064554,0.5412807899638118,-0.3628057405341105,0.01208372879773378,0.04405460506677628,0.00877039972692728,-0.00922164320945739,-0.00168833136558532,0.01108330488204956,XArbitraryZVertical,-0.1291817662129539,0.2875451817728352,-0.2003781974519918,0.9276199091722108,0.4816948473453522,0.3548987209796906,-0.8012596964836121,0,0,0,-1,-1,peace_right_left
2023-05-08T04:37:43Z,213025.619209875,0.4868011474609375,0.3660430908203125,-0.7949066162109375,213025.579289875,-0.3237982856064554,0.5412807899638118,-0.3628057405341105,0.01208372879773378,0.04405460506677628,0.00877039972692728,-0.00922164320945739,-0.00168833136558532,0.01108330488204956,XArbitraryZVertical,-0.1291817662129539,0.2875451817728352,-0.2003781974519918,0.9276199091722108,0.4816948473453522,0.3548987209796906,-0.8012596964836121,0,0,0,-1,-1,peace_right_left
2023-05-08T04:37:43Z,213025.652885875,0.4848785400390625,0.3551025390625,-0.79486083984375,213025.639170875,-0.325109432436446,0.5410306093577728,-0.3619016894430322,0.05296025052666664,0.01648017019033432,0.00531787797808647,0.00114399194717407,0.00483328104019165,0.0086250901222229,XArbitraryZVertical,-0.1285920421007278,0.2874659483863047,-0.2008656141681698,0.9276209004778316,0.4816594123840332,0.3540533781051636,-0.8016548156738281,0,0,0,-1,-1,peace_right_left
2023-05-08T04:37:43Z,213025.686561875,0.48651123046875,0.3502349853515625,-0.7939910888671875,213025.639170875,-0.325109432436446,0.5410306093577728,-0.3619016894430322,0.05296025052666664,0.01648017019033432,0.00531787797808647,0.00114399194717407,0.00483328104019165,0.0086250901222229,XArbitraryZVertical,-0.1285920421007278,0.2874659483863047,-0.2008656141681698,0.9276209004778316,0.4816594123840332,0.3540533781051636,-0.8016548156738281,0,0,0,-1,-1,peace_right_left
2023-05-08T04:37:43Z,213025.720266875,0.4844818115234375,0.338775634765625,-0.7988433837890625,213025.699051875,-0.3262507429940429,0.5403051587974395,-0.3605693880600036,0.02624486573040485,-0.02538192458450794,0.0148549247533083,3.848373889923e-4,-0.00457102060317993,0.01018679141998291,XArbitraryZVertical,-0.1278726703240183,0.2871317680215325,-0.2011944851572848,0.9277526133573002,0.481319934129715,0.3528070747852325,-0.8024078607559204,0,0,0,-1,-1,peace_right_left
2023-05-08T04:37:43Z,213025.753942875,0.48516845703125,0.3439178466796875,-0.7971954345703125,213025.699051875,-0.3262507429940429,0.5403051587974395,-0.3605693880600036,0.02624486573040485,-0.02538192458450794,0.0148549247533083,3.848373889923e-4,-0.00457102060317993,0.01018679141998291,XArbitraryZVertical,-0.1278726703240183,0.2871317680215325,-0.2011944851572848,0.9277526133573002,0.481319934129715,0.3528070747852325,-0.8024078607559204,0,0,0,-1,-1,peace_right_left
2023-05-08T04:37:43Z,213025.787618875,0.4937744140625,0.34783935546875,-0.8022613525390625,213025.758932875,-0.3246350488482624,0.5397661988745127,-0.3609828439255783,-0.00175032811239361,-0.04475089535117149,0.02284520678222179,0.00524118542671203,-0.00903195142745971,0.00609421730041503,XArbitraryZVertical,-0.1283536327573511,0.2868002411471899,-0.2004581558221014,0.9279480584735282,0.4808124005794525,0.3531939089298248,-0.8025419116020203,0,0,0,-1,-1,peace_right_left
2023-05-08T04:37:43Z,213025.821293875,0.4864654541015625,0.3366851806640625,-0.8041839599609375,213025.818813875,-0.3227094999959007,0.5369919180912309,-0.3606981530625822,-0.06541026383638382,-0.09030640125274658,0.0128050884231925,0.00839462876319885,-0.01663914322853088,-0.00110983848571777,XArbitraryZVertical,-0.1287720453435757,0.2853737969529243,-0.1993533332874041,0.9285676508997516,0.4786354899406433,0.3529275357723236,-0.8039591312408447,0,0,0,-1,-1,peace_right_left
2023-05-08T04:37:43Z,213025.854999875,0.4739837646484375,0.3413848876953125,-0.8084716796875,213025.818813875,-0.3227094999959007,0.5369919180912309,-0.3606981530625822,-0.06541026383638382,-0.09030640125274658,0.0128050884231925,0.00839462876319885,-0.01663914322853088,-0.00110983848571777,XArbitraryZVertical,-0.1287720453435757,0.2853737969529243,-0.1993533332874041,0.9285676508997516,0.4786354899406433,0.3529275357723236,-0.8039591312408447,0,0,0,-1,-1,peace_right_left
2023-05-08T04:37:43Z,213025.888675875,0.474273681640625,0.3554229736328125,-0.801025390625,213025.878694875,-0.3195622969184885,0.5345259786564329,-0.362033656150421,-0.03300194442272186,-0.0890868678689003,0.01314064674079418,-0.00343421101570129,-8.13901424407959e-5,0.00277447700500488,XArbitraryZVertical,-0.1300953784984033,0.2840948214430291,-0.1978852668363794,0.9290892556243536,0.476410984992981,0.354176789522171,-0.8047306537628174,0,0,0,-1,-1,peace_right_left
2023-05-08T04:37:43Z,213025.922350875,0.47833251953125,0.35546875,-0.799072265625,213025.878694875,-0.3195622969184885,0.5345259786564329,-0.362033656150421,-0.03300194442272186,-0.0890868678689003,0.01314064674079418,-0.00343421101570129,-8.13901424407959e-5,0.00277447700500488,XArbitraryZVertical,-0.1300953784984033,0.2840948214430291,-0.1978852668363794,0.9290892556243536,0.476410984992981,0.354176789522171,-0.8047306537628174,0,0,0,-1,-1,peace_right_left
2023-05-08T04:37:43Z,213025.956026875,0.489166259765625,0.35894775390625,-0.7959136962890625,213025.938575875,-0.31655419306789,0.5303736902300155,-0.3629941313876976,-0.0947464182972908,-0.1194414421916008,0.00915815588086843,0.01464051008224487,0.00800800323486328,0.0089990496635437,XArbitraryZVertical,-0.1313839140120711,0.2820181084820391,-0.1963253105369489,0.9298713030987298,0.4728931188583374,0.3550748527050018,-0.8064081072807312,0,0,0,-1,-1,peace_right_left
2023-05-08T04:37:43Z,213025.989731875,0.486480712890625,0.3699493408203125,-0.80322265625,213025.938575875,-0.31655419306789,0.5303736902300155,-0.3629941313876976,-0.0947464182972908,-0.1194414421916008,0.00915815588086843,0.01464051008224487,0.00800800323486328,0.0089990496635437,XArbitraryZVertical,-0.1313839140120711,0.2820181084820391,-0.1963253105369489,0.9298713030987298,0.4728931188583374,0.3550748527050018,-0.8064081072807312,0,0,0,-1,-1,peace_right_left
2023-05-08T04:37:43Z,213026.023407875,0.47589111328125,0.3447265625,-0.801971435546875,213025.998457875,-0.3127394303475773,0.524411586827769,-0.3649459033424992,-0.04207388684153557,-0.1666664928197861,0.03569868952035904,0.0202014148235321,0.00545164942741394,0.00412267446517944,XArbitraryZVertical,-0.1334237609416717,0.2790918172395136,-0.1943764229986596,0.930872510945168,0.4677289426326752,0.3568987548351288,-0.8086116909980774,0,0,0,-1,-1,peace_right_left
2023-05-08T04:37:43Z,213026.057083875,0.4686737060546875,0.3388824462890625,-0.806121826171875,213025.998457875,-0.3127394303475773,0.524411586827769,-0.3649459033424992,-0.04207388684153557,-0.1666664928197861,0.03569868952035904,0.0202014148235321,0.00545164942741394,0.00412267446517944,XArbitraryZVertical,-0.1334237609416717,0.2790918172395136,-0.1943764229986596,0.930872510945168,0.4677289426326752,0.3568987548351288,-0.8086116909980774,0,0,0,-1,-1,peace_right_left
2023-05-08T04:37:43Z,213026.090758875,0.45062255859375,0.3679351806640625,-0.8100738525390625,213026.058338875,-0.3060694937559751,0.5186791205082859,-0.3686392640755464,-0.1218288466334343,-0.2177929133176804,0.04557182639837265,0.00624442100524902,-0.02146404981613159,0.00400757789611816,XArbitraryZVertical,-0.1366490967178777,0.2761563527391379,-0.1912955693252941,0.9319178792151032,0.4624293446540833,0.3603464365005493,-0.8101294040679932,0,0,0,-1,-1,peace_right_left
2023-05-08T04:37:43Z,213026.124464875,0.4359588623046875,0.3526763916015625,-0.8203887939453125,213026.118219875,-0.2989749469347071,0.5111991218586506,-0.3719434099597988,-0.1353838592767715,-0.1952880173921585,0.03181526809930801,-0.01634901762008667,-0.00826308131217956,-0.0049363374710083,XArbitraryZVertical,-0.1398949652819123,0.2723380473297762,-0.1878347290171578,0.9332628769840235,0.4557717144489288,0.3634266555309296,-0.8125227689743042,0,0,0,-1,-1,peace_right_left
2023-05-08T04:37:43Z,213026.158140875,0.4246673583984375,0.344879150390625,-0.8201141357421875,213026.118219875,-0.2989749469347071,0.5111991218586506,-0.3719434099597988,-0.1353838592767715,-0.1952880173921585,0.03181526809930801,-0.01634901762008667,-0.00826308131217956,-0.0049363374710083,XArbitraryZVertical,-0.1398949652819123,0.2723380473297762,-0.1878347290171578,0.9332628769840235,0.4557717144489288,0.3634266555309296,-0.8125227689743042,0,0,0,-1,-1,peace_right_left
2023-05-08T04:37:43Z,213026.191815875,0.428009033203125,0.371002197265625,-0.8175048828125,213026.178100875,-0.2909281839547567,0.5043066041841376,-0.3777958656231201,-0.1673489212989807,-0.1672403961420059,0.03969742357730865,-0.02535799145698547,-0.01366335153579712,-0.00704729557037353,XArbitraryZVertical,-0.1443974715181902,0.2688215032686662,-0.1842245389838309,0.9343156447416971,0.4491251707077026,0.3688726723194122,-0.813768744468689,0,0,0,-1,-1,peace_right_left
2023-05-08T04:37:43Z,213026.225491875,0.4235382080078125,0.3790283203125,-0.818939208984375,213026.178100875,-0.2909281839547567,0.5043066041841376,-0.3777958656231201,-0.1673489212989807,-0.1672403961420059,0.03969742357730865,-0.02535799145698547,-0.01366335153579712,-0.00704729557037353,XArbitraryZVertical,-0.1443974715181902,0.2688215032686662,-0.1842245389838309,0.9343156447416971,0.4491251707077026,0.3688726723194122,-0.813768744468689,0,0,0,-1,-1,peace_right_left
2023-05-08T04:37:44Z,213026.259196875,0.4225616455078125,0.383575439453125,-0.810394287109375,213026.237981875,-0.2836752685795432,0.4967649871096568,-0.383875314062914,-0.2192595601081848,-0.1054830178618431,0.03766996040940285,-0.02653878927230835,0.00136840343475341,-5.2767992019653e-4,XArbitraryZVertical,-0.1489363697363782,0.2650375312429795,-0.1809331876142312,0.9353268514616032,0.441898375749588,0.3745165467262268,-0.8151461482048035,0,0,0,-1,-1,peace_right_left
2023-05-08T04:37:44Z,213026.292872875,0.4250335693359375,0.403900146484375,-0.817657470703125,213026.237981875,-0.2836752685795432,0.4967649871096568,-0.383875314062914,-0.2192595601081848,-0.1054830178618431,0.03766996040940285,-0.02653878927230835,0.00136840343475341,-5.2767992019653e-4,XArbitraryZVertical,-0.1489363697363782,0.2650375312429795,-0.1809331876142312,0.9353268514616032,0.441898375749588,0.3745165467262268,-0.8151461482048035,0,0,0,-1,-1,peace_right_left
2023-05-08T04:37:44Z,213026.326548875,0.42724609375,0.3874664306640625,-0.8200836181640625,213026.297862875,-0.2767657300542167,0.4924335257029533,-0.3925876012532598,-0.1482907831668854,-0.06388497352600098,0.00403396785259246,-0.01112973690032959,0.0206483006477356,-0.00421297550201416,XArbitraryZVertical,-0.1543696619167285,0.2628627459852133,-0.1782952472458637,0.9355662094634276,0.4368042647838593,0.382580429315567,-0.8141463398933411,0,0,0,-1,-1,peace_right_left
2023-05-08T04:37:44Z,213026.360226125,0.430816650390625,0.3778839111328125,-0.82147216796875,213026.357745125,-0.2737157699613699,0.4882726255865331,-0.3976804107350256,-0.1195732951164246,-0.08234268426895142,0.01255049090832472,-0.00184440612792968,-0.01008358597755432,-0.00556814670562744,XArbitraryZVertical,-0.1575546274975846,0.2608903566994663,-0.1770776666019991,0.9358186010666292,0.4324932992458344,0.3872808218002319,-0.8142254948616028,0,0,0,-1,-1,peace_right_left
2023-05-08T04:37:44Z,213026.393931125,0.436004638671875,0.3724517822265625,-0.804901123046875,213026.357745125,-0.2737157699613699,0.4882726255865331,-0.3976804107350256,-0.1195732951164246,-0.08234268426895142,0.01255049090832472,-0.00184440612792968,-0.01008358597755432,-0.00556814670562744,XArbitraryZVertical,-0.1575546274975846,0.2608903566994663,-0.1770776666019991,0.9358186010666292,0.4324932992458344,0.3872808218002319,-0.8142254948616028,0,0,0,-1,-1,peace_right_left
2023-05-08T04:37:44Z,213026.427607125,0.4372406005859375,0.415740966796875,-0.8065643310546875,213026.417627125,-0.2688217451891275,0.4835284351289454,-0.4067174315661661,-0.1663867682218552,-0.1243125647306442,-0.01765401661396027,0.00879484415054321,0.0073573887348175,0.01095116138458252,XArbitraryZVertical,-0.162895598971206,0.2586443736329768,-0.1753444713094767,0.935853865890468,0.4269810020923615,0.3955966830253601,-0.8131362199783325,0,0,0,-1,-1,peace_right_left
2023-05-08T04:37:44Z,213026.461282125,0.4295501708984375,0.387481689453125,-0.8069000244140625,213026.417627125,-0.2688217451891275,0.4835284351289454,-0.4067174315661661,-0.1663867682218552,-0.1243125647306442,-0.01765401661396027,0.00879484415054321,0.0073573887348175,0.01095116138458252,XArbitraryZVertical,-0.162895598971206,0.2586443736329768,-0.1753444713094767,0.935853865890468,0.4269810020923615,0.3955966830253601,-0.8131362199783325,0,0,0,-1,-1,peace_right_left
2023-05-08T04:37:44Z,213026.494958125,0.4211883544921875,0.3931121826171875,-0.8025970458984375,213026.477508125,-0.2626973586775198,0.4787041580790596,-0.4157066854458062,-0.2525051832199097,-0.1443982571363449,0.01005324441939592,-7.2851777076721e-4,-0.01600390672683716,0.0070505142211914,XArbitraryZVertical,-0.1683685998452722,0.2562290410396637,-0.1729998948177538,0.935986089540256,0.4213981330394745,0.4038365185260773,-0.8119974136352539,0,0,0,-1,-1,peace_right_left
2023-05-08T04:37:44Z,213026.528664125,0.4114532470703125,0.42828369140625,-0.80572509765625,213026.477508125,-0.2626973586775198,0.4787041580790596,-0.4157066854458062,-0.2525051832199097,-0.1443982571363449,0.01005324441939592,-7.2851777076721e-4,-0.01600390672683716,0.0070505142211914,XArbitraryZVertical,-0.1683685998452722,0.2562290410396637,-0.1729998948177538,0.935986089540256,0.4213981330394745,0.4038365185260773,-0.8119974136352539,0,0,0,-1,-1,peace_right_left
2023-05-08T04:37:44Z,213026.562339125,0.388153076171875,0.4214935302734375,-0.8042755126953125,213026.537389125,-0.2540368413988985,0.4746264007041772,-0.4302489216468768,-0.3354179263114929,-0.1632004380226135,-0.05044152215123177,-0.00822046399116516,0.01149177551269531,0.00119441747665405,XArbitraryZVertical,-0.1767203015952448,0.254106543493376,-0.1700692259635698,0.9355621325050708,0.4153555631637573,0.4170970618724823,-0.8083996176719666,0,0,0,-1,-1,peace_right_left
2023-05-08T04:37:44Z,213026.596015125,0.374603271484375,0.4568328857421875,-0.792633056640625,213026.537389125,-0.2540368413988985,0.4746264007041772,-0.4302489216468768,-0.3354179263114929,-0.1632004380226135,-0.05044152215123177,-0.00822046399116516,0.01149177551269531,0.00119441747665405,XArbitraryZVertical,-0.1767203015952448,0.254106543493376,-0.1700692259635698,0.9355621325050708,0.4153555631637573,0.4170970618724823,-0.8083996176719666,0,0,0,-1,-1,peace_right_left
2023-05-08T04:37:44Z,213026.629691125,0.3657379150390625,0.4623870849609375,-0.7901611328125,213026.597270125,-0.2471752633437486,0.468885999895799,-0.4499275851550297,-0.3264808654785156,-0.1049887984991074,-0.05582670122385025,-0.03231647610664368,0.02193251252174377,0.01065891981124878,XArbitraryZVertical,-0.1873988770535425,0.2514670314565339,-0.1683041773633746,0.9345158013055496,0.4069198071956635,0.434900313615799,-0.8032919764518738,0,0,0,-1,-1,peace_right_left
2023-05-08T04:37:44Z,213026.663396125,0.38134765625,0.510772705078125,-0.7944183349609375,213026.657151125,-0.2441614802580015,0.466262426436072,-0.4672681785808899,-0.1967942267656326,-0.03587358072400093,-0.1063085198402405,-0.0240405797958374,0.05472370982170105,8.3839893341064e-4,XArbitraryZVertical,-0.1962055872505231,0.2505064100680766,-0.1683519010347771,0.9329564401554656,0.4013599753379822,0.4504489898681641,-0.7974998354911804,0,0,0,-1,-1,peace_right_left
2023-05-08T04:37:44Z,213026.697072125,0.3897705078125,0.47296142578125,-0.7889251708984375,213026.657151125,-0.2441614802580015,0.466262426436072,-0.4672681785808899,-0.1967942267656326,-0.03587358072400093,-0.1063085198402405,-0.0240405797958374,0.05472370982170105,8.3839893341064e-4,XArbitraryZVertical,-0.1962055872505231,0.2505064100680766,-0.1683519010347771,0.9329564401554656,0.4013599753379822,0.4504489898681641,-0.7974998354911804,0,0,0,-1,-1,peace_right_left
2023-05-08T04:37:44Z,213026.730747125,0.3869171142578125,0.4578857421875,-0.789306640625,213026.717032125,-0.2452058234961981,0.4636029785322752,-0.4758580283413301,-0.07728981226682663,-0.04147594049572945,-0.01586011052131653,-0.00625726580619812,-0.00348097085952758,0.00462305545806884,XArbitraryZVertical,-0.200361167079034,0.249636454148854,-0.1694109294983733,0.9321143290197816,0.3974926769733429,0.4581013023853302,-0.7950741052627563,0,0,0,-1,-1,peace_right_left
2023-05-08T04:37:44Z,213026.764423125,0.3860931396484375,0.4871673583984375,-0.7964324951171875,213026.717032125,-0.2452058234961981,0.4636029785322752,-0.4758580283413301,-0.07728981226682663,-0.04147594049572945,-0.01586011052131653,-0.00625726580619812,-0.00348097085952758,0.00462305545806884,XArbitraryZVertical,-0.200361167079034,0.249636454148854,-0.1694109294983733,0.9321143290197816,0.3974926769733429,0.4581013023853302,-0.7950741052627563,0,0,0,-1,-1,peace_right_left
2023-05-08T04:37:44Z,213026.798129125,0.3681182861328125,0.4789886474609375,-0.7847900390625,213026.776913125,-0.2448226748740643,0.4595631325700464,-0.4836663598752457,-0.04107101634144783,-0.047196876257658,-0.02262081205844879,-0.00821834802627563,0.02416864037513733,0.00238192081451416,XArbitraryZVertical,-0.204441264943366,0.2479558843329042,-0.1695742029312379,0.9316472004823096,0.3926788866519928,0.4650281071662903,-0.7934433221817017,0,0,0,-1,-1,peace_right_left
2023-05-08T04:37:44Z,213026.831804125,0.370330810546875,0.478729248046875,-0.7822418212890625,213026.776913125,-0.2448226748740643,0.4595631325700464,-0.4836663598752457,-0.04107101634144783,-0.047196876257658,-0.02262081205844879,-0.00821834802627563,0.02416864037513733,0.00238192081451416,XArbitraryZVertical,-0.204441264943366,0.2479558843329042,-0.1695742029312379,0.9316472004823096,0.3926788866519928,0.4650281071662903,-0.7934433221817017,0,0,0,-1,-1,peace_right_left
2023-05-08T04:37:44Z,213026.865480125,0.3678741455078125,0.4898681640625,-0.7938079833984375,213026.836795125,-0.244902316959145,0.4567040013515689,-0.4873657041825172,-0.02858469448983669,-0.04028531163930893,-4.2096769902855e-4,-0.01818734407424927,0.01342001557350159,0.00924563407897949,XArbitraryZVertical,-0.2064216870208038,0.2467456599982755,-0.169669389633767,0.931514432036416,0.3896473944187164,0.468299925327301,-0.793013334274292,0,0,0,-1,-1,peace_right_left
2023-05-08T04:37:44Z,213026.899156125,0.3679351806640625,0.4925384521484375,-0.7857666015625,213026.896676125,-0.2462774607354141,0.4539451629538389,-0.4883154203864074,0.08281657844781876,0.00619897013530135,0.01071370858699083,-0.01865628361701965,0.02574941515922546,0.00653004646301269,XArbitraryZVertical,-0.2069354634362838,0.2456320350881631,-0.1701143362729204,0.9316136381842806,0.3872629404067993,0.4691388607025146,-0.793685257434845,0,0,0,-1,-1,peace_right_left
2023-05-08T04:37:44Z,213026.932861125,0.371612548828125,0.4738616943359375,-0.79119873046875,213026.896676125,-0.2462774607354141,0.4539451629538389,-0.4883154203864074,0.08281657844781876,0.00619897013530135,0.01071370858699083,-0.01865628361701965,0.02574941515922546,0.00653004646301269,XArbitraryZVertical,-0.2069354634362838,0.2456320350881631,-0.1701143362729204,0.9316136381842806,0.3872629404067993,0.4691388607025146,-0.793685257434845,0,0,0,-1,-1,peace_right_left
2023-05-08T04:37:44Z,213026.966537125,0.3849639892578125,0.4713592529296875,-0.7951507568359375,213026.956557125,-0.2501334018085742,0.4528995638944243,-0.4838719014565752,0.1934962123632431,0.07710437476634979,0.02334508113563061,-0.00986921787261962,0.00622543692588806,0.0015379786491394,XArbitraryZVertical,-0.2044513949283733,0.2454006297684432,-0.1713868043403691,0.9319897357127104,0.3873412013053894,0.4652100503444672,-0.7959563136100769,0,0,0,-1,-1,peace_right_left
2023-05-08T04:37:44Z,213027.000213125,0.4009552001953125,0.45037841796875,-0.8036651611328125,213026.956557125,-0.2501334018085742,0.4528995638944243,-0.4838719014565752,0.1934962123632431,0.07710437476634979,0.02334508113563061,-0.00986921787261962,0.00622543692588806,0.0015379786491394,XArbitraryZVertical,-0.2044513949283733,0.2454006297684432,-0.1713868043403691,0.9319897357127104,0.3873412013053894,0.4652100503444672,-0.7959563136100769,0,0,0,-1,-1,peace_right_left
2023-05-08T04:37:44Z,213027.033888125,0.4041748046875,0.4283599853515625,-0.793670654296875,213027.016438125,-0.2555117409030347,0.4510622949190507,-0.479415409819518,0.0810740739107132,-0.01562856510281563,-0.00841604359447956,0.02140983939170837,-0.02063259482383728,0.00528115034103393,XArbitraryZVertical,-0.2018433057084954,0.2449428859246867,-0.1732912285361864,0.9323263399205448,0.3867780566215515,0.4612605571746826,-0.7985244989395142,0,0,0,-1,-1,peace_right_left
2023-05-08T04:37:44Z,213027.067594125,0.390350341796875,0.452117919921875,-0.7990570068359375,213027.016438125,-0.2555117409030347,0.4510622949190507,-0.479415409819518,0.0810740739107132,-0.01562856510281563,-0.00841604359447956,0.02140983939170837,-0.02063259482383728,0.00528115034103393,XArbitraryZVertical,-0.2018433057084954,0.2449428859246867,-0.1732912285361864,0.9323263399205448,0.3867780566215515,0.4612605571746826,-0.7985244989395142,0,0,0,-1,-1,peace_right_left
2023-05-08T04:37:44Z,213027.101270125,0.375885009765625,0.456298828125,-0.8089599609375,213027.076319125,-0.2568064442223333,0.4483622300923304,-0.477588376886388,0.03120535798370838,-0.04140070825815201,-0.00368733471259474,0.00110790133476257,-0.00288218259811401,-0.00163209438323974,XArbitraryZVertical,-0.2010549339282362,0.2437516426831899,-0.1734536099742547,0.932778731841964,0.3849852979183197,0.4596387445926666,-0.8003240823745728,0,0,0,-1,-1,peace_right_left
2023-05-08T04:37:44Z,213027.134945125,0.37945556640625,0.445343017578125,-0.8037109375,213027.076319125,-0.2568064442223333,0.4483622300923304,-0.477588376886388,0.03120535798370838,-0.04140070825815201,-0.00368733471259474,0.00110790133476257,-0.00288218259811401,-0.00163209438323974,XArbitraryZVertical,-0.2010549339282362,0.2437516426831899,-0.1734536099742547,0.932778731841964,0.3849852979183197,0.4596387445926666,-0.8003240823745728,0,0,0,-1,-1,peace_right_left
2023-05-08T04:37:44Z,213027.168621125,0.3759002685546875,0.446136474609375,-0.800384521484375,213027.136200125,-0.2566125723616154,0.449973030555425,-0.4748340260868633,-0.03749150410294533,-0.00233945716172456,-0.02414041198790073,-0.00736746191978454,-0.0118478536605835,-0.00287109613418579,XArbitraryZVertical,-0.1996357434706041,0.2443883194551008,-0.1732695102307848,0.9329510491844928,0.3868231177330017,0.4571908414363861,-0.8008398413658142,0,0,0,-1,-1,peace_right_left
2023-05-08T04:37:44Z,213027.202326125,0.3819732666015625,0.457275390625,-0.8045196533203125,213027.196081125,-0.2566729513854584,0.45033532677341,-0.4755062572639444,-0.00739267840981483,0.04072831571102142,0.02136901579797268,-0.00831720232963562,-0.00266474485397338,-0.00400531291961669,XArbitraryZVertical,-0.1999150252589704,0.2445865491536503,-0.173396273222125,0.9328158470394304,0.3869793713092804,0.4577885866165161,-0.8004227876663208,0,0,0,-1,-1,peace_right_left
2023-05-08T04:37:45Z,213027.236002125,0.38897705078125,0.458221435546875,-0.794219970703125,213027.196081125,-0.2566729513854584,0.45033532677341,-0.4755062572639444,-0.00739267840981483,0.04072831571102142,0.02136901579797268,-0.00831720232963562,-0.00266474485397338,-0.00400531291961669,XArbitraryZVertical,-0.1999150252589704,0.2445865491536503,-0.173396273222125,0.9328158470394304,0.3869793713092804,0.4577885866165161,-0.8004227876663208,0,0,0,-1,-1,peace_right_left
2023-05-08T04:37:45Z,213027.269678125,0.391143798828125,0.4547576904296875,-0.7923736572265625,213027.255963125,-0.2560937467275098,0.450802049174571,-0.474569984208934,-0.00326334382407367,0.006470812484622,0.00896081607788801,9.1886520385742e-4,-0.00286969542503356,0.00837594270706176,XArbitraryZVertical,-0.1995024531189065,0.2447141315631174,-0.1730856520791648,0.9329283402407058,0.3875394761562347,0.4569559991359711,-0.8006275296211243,0,0,0,-1,-1,peace_right_left
2023-05-08T04:37:45Z,213027.303353125,0.3826904296875,0.4632720947265625,-0.8024749755859375,213027.255963125,-0.2560937467275098,0.450802049174571,-0.474569984208934,-0.00326334382407367,0.006470812484622,0.00896081607788801,9.1886520385742e-4,-0.00286969542503356,0.00837594270706176,XArbitraryZVertical,-0.1995024531189065,0.2447141315631174,-0.1730856520791648,0.9329283402407058,0.3875394761562347,0.4569559991359711,-0.8006275296211243,0,0,0,-1,-1,peace_right_left
2023-05-08T04:37:45Z,213027.337058875,0.38677978515625,0.4494171142578125,-0.801971435546875,213027.315844125,-0.2559310014178049,0.4494365249615143,-0.4748326007670303,-0.01084932871162891,-0.00847591273486614,-0.00356136728078126,-0.00782302021980285,0.00844764709472656,-0.00298357009887695,XArbitraryZVertical,-0.199764714859898,0.2440698996907383,-0.1728978201770475,0.9330758609172156,0.3863936960697174,0.4571895599365234,-0.8010478615760803,0,0,0,-1,-1,peace_right_left
2023-05-08T04:37:45Z,213027.370734875,0.3822784423828125,0.455963134765625,-0.800018310546875,213027.315844125,-0.2559310014178049,0.4494365249615143,-0.4748326007670303,-0.01084932871162891,-0.00847591273486614,-0.00356136728078126,-0.00782302021980285,0.00844764709472656,-0.00298357009887695,XArbitraryZVertical,-0.199764714859898,0.2440698996907383,-0.1728978201770475,0.9330758609172156,0.3863936960697174,0.4571895599365234,-0.8010478615760803,0,0,0,-1,-1,peace_right_left
2023-05-08T04:37:45Z,213027.404409875,0.3850555419921875,0.4664764404296875,-0.80377197265625,213027.375724875,-0.254938144305048,0.4499358726731427,-0.4755843767463546,-0.00125003850553184,-0.01249522063881159,-0.00126412452664226,-3.5247206687927e-4,5.4645538330078e-4,0.0012592077255249,XArbitraryZVertical,-0.200198539034801,0.2442293813140245,-0.1725543712713234,0.9330047016595387,0.3866440653800964,0.4578580558300018,-0.8005450963973999,0,0,0,-1,-1,peace_right_left
2023-05-08T04:37:45Z,213027.438085875,0.38092041015625,0.45062255859375,-0.7945098876953125,213027.435605875,-0.2569793386721537,0.4487046791134658,-0.4738339923227233,0.05175350978970528,0.01124279759824276,-0.00494248233735561,-0.00291797518730163,-0.0039849579334259,0.00805544853210449,XArbitraryZVertical,-0.1992275895871855,0.2437984392719443,-0.1732214180899258,0.93320155203747,0.3860051929950714,0.456301212310791,-0.801741361618042,0,0,0,-1,-1,peace_right_left
2023-05-08T04:37:45Z,213027.471791875,0.38372802734375,0.4594879150390625,-0.801055908203125,213027.435605875,-0.2569793386721537,0.4487046791134658,-0.4738339923227233,0.05175350978970528,0.01124279759824276,-0.00494248233735561,-0.00291797518730163,-0.0039849579334259,0.00805544853210449,XArbitraryZVertical,-0.1992275895871855,0.2437984392719443,-0.1732214180899258,0.93320155203747,0.3860051929950714,0.456301212310791,-0.801741361618042,0,0,0,-1,-1,peace_right_left
2023-05-08T04:37:45Z,213027.505466875,0.381195068359375,0.46929931640625,-0.79632568359375,213027.495486875,-0.2585170423209872,0.4478030038135568,-0.471288594310314,0.1151362881064415,-0.03204894810914993,9.399140253663065e-6,0.00906795263290405,0.01508137583732605,0.00503778457641601,XArbitraryZVertical,-0.1979135794097204,0.2434409660494366,-0.1736141311644167,0.9335013705537816,0.3857837617397308,0.4540347754955292,-0.8031334280967712,0,0,0,-1,-1,peace_right_left
2023-05-08T04:37:45Z,213027.539142875,0.3822479248046875,0.4545745849609375,-0.7962493896484375,213027.495486875,-0.2585170423209872,0.4478030038135568,-0.471288594310314,0.1151362881064415,-0.03204894810914993,9.399140253663065e-6,0.00906795263290405,0.01508137583732605,0.00503778457641601,XArbitraryZVertical,-0.1979135794097204,0.2434409660494366,-0.1736141311644167,0.9335013705537816,0.3857837617397308,0.4540347754955292,-0.8031334280967712,0,0,0,-1,-1,peace_right_left
2023-05-08T04:37:45Z,213027.572818875,0.378173828125,0.443878173828125,-0.810638427734375,213027.555367875,-0.2625529976520192,0.4434568413053287,-0.4656777347699522,0.1111739203333855,-0.04713136330246925,-0.00399919087067246,-0.00707954168319702,-2.9802322387695e-4,0.00464653968811035,XArbitraryZVertical,-0.1951449634114553,0.2416049609819705,-0.174556315539138,0.9343851934004108,0.3833766281604767,0.4490284621715546,-0.8070909976959229,0,0,0,-1,-1,peace_right_left
2023-05-08T04:37:45Z,213027.606523875,0.3623809814453125,0.450164794921875,-0.809417724609375,213027.555367875,-0.2625529976520192,0.4434568413053287,-0.4656777347699522,0.1111739203333855,-0.04713136330246925,-0.00399919087067246,-0.00707954168319702,-2.9802322387695e-4,0.00464653968811035,XArbitraryZVertical,-0.1951449634114553,0.2416049609819705,-0.174556315539138,0.9343851934004108,0.3833766281604767,0.4490284621715546,-0.8070909976959229,0,0,0,-1,-1,peace_right_left
2023-05-08T04:37:45Z,213027.640199875,0.397186279296875,0.4537506103515625,-0.8119049072265625,213027.615248875,-0.2644291331569233,0.4422027159576569,-0.4622240072495506,0.1643082499504089,0.05463860929012299,0.04199759662151337,-0.0266563892364502,0.00939765572547912,-0.00496637821197509,XArbitraryZVertical,-0.1933913423183355,0.241072197852623,-0.174996211786243,0.9348050112454926,0.3830254971981049,0.445939838886261,-0.8089679479598999,0,0,0,-1,-1,peace_right_left
2023-05-08T04:37:45Z,213027.673874875,0.387115478515625,0.413238525390625,-0.821807861328125,213027.615248875,-0.2644291331569233,0.4422027159576569,-0.4622240072495506,0.1643082499504089,0.05463860929012299,0.04199759662151337,-0.0266563892364502,0.00939765572547912,-0.00496637821197509,XArbitraryZVertical,-0.1933913423183355,0.241072197852623,-0.174996211786243,0.9348050112454926,0.3830254971981049,0.445939838886261,-0.8089679479598999,0,0,0,-1,-1,peace_right_left
2023-05-08T04:37:45Z,213027.707550875,0.3940887451171875,0.4296417236328125,-0.81219482421875,213027.675129875,-0.267520449649913,0.4412510220550729,-0.4551652075389869,0.08461828529834747,-0.00280138198286294,0.00444675795733928,0.00352531671524047,-0.02637222409248352,-0.00964963436126709,XArbitraryZVertical,-0.1897552938318434,0.2406528572575038,-0.1757079876109544,0.9355244894862248,0.3835902512073517,0.4396107196807861,-0.8121582865715027,0,0,0,-1,-1,peace_right_left
2023-05-08T04:37:45Z,213027.741256875,0.37371826171875,0.4421844482421875,-0.812408447265625,213027.735011875,-0.2712025393976957,0.43849153806354513,-0.4495448051890429,0.2172937989234924,0.00579183967784047,-0.00423860922455787,-0.00417098402976989,0.01165711879730225,0.00743919610977172,XArbitraryZVertical,-0.1868894990990527,0.2394857072519979,-0.176661676359566,0.9362209190091024,0.3823906481266022,0.4345556199550629,-0.8154377937316895,0,0,0,-1,-1,peace_right_left
2023-05-08T04:37:45Z,213027.774931875,0.380279541015625,0.42437744140625,-0.8174896240234375,213027.735011875,-0.2712025393976957,0.43849153806354513,-0.4495448051890429,0.2172937989234924,0.00579183967784047,-0.00423860922455787,-0.00417098402976989,0.01165711879730225,0.00743919610977172,XArbitraryZVertical,-0.1868894990990527,0.2394857072519979,-0.176661676359566,0.9362209190091024,0.3823906481266022,0.4345556199550629,-0.8154377937316895,0,0,0,-1,-1,peace_right_left
2023-05-08T04:37:45Z,213027.808607875,0.36468505859375,0.41192626953125,-0.8095703125,213027.794892875,-0.2763722290389162,0.4365873761799389,-0.4394550734874564,0.1197846680879593,-0.02880781702697277,-0.01092660613358021,-0.01163902878761292,-0.01854029297828674,0.01284515857696533,XArbitraryZVertical,-0.1816488798187296,0.2386537483447366,-0.1779976790426774,0.9372112627970748,0.3826718032360077,0.4254463911056519,-0.8200961351394653,0,0,0,-1,-1,peace_right_left
2023-05-08T04:37:45Z,213027.842283875,0.374237060546875,0.4456024169921875,-0.816986083984375,213027.794892875,-0.2763722290389162,0.4365873761799389,-0.4394550734874564,0.1197846680879593,-0.02880781702697277,-0.01092660613358021,-0.01163902878761292,-0.01854029297828674,0.01284515857696533,XArbitraryZVertical,-0.1816488798187296,0.2386537483447366,-0.1779976790426774,0.9372112627970748,0.3826718032360077,0.4254463911056519,-0.8200961351394653,0,0,0,-1,-1,peace_right_left
2023-05-08T04:37:45Z,213027.875988875,0.36431884765625,0.3955230712890625,-0.83154296875,213027.854773875,-0.2835140173065335,0.4324666078944531,-0.430204721826763,0.2568164169788361,-0.01865318231284618,-0.02631834521889687,-0.01048460602760315,0.01346984505653381,0.00246542692184448,XArbitraryZVertical,-0.1767716607658208,0.2369593720354165,-0.1801487433103641,0.9381622914227108,0.3809223175048828,0.4170568883419037,-0.825204074382782,0,0,0,-1,-1,peace_right_left
2023-05-08T04:37:45Z,213027.909664875,0.358123779296875,0.38653564453125,-0.8365020751953125,213027.854773875,-0.2835140173065335,0.4324666078944531,-0.430204721826763,0.2568164169788361,-0.01865318231284618,-0.02631834521889687,-0.01048460602760315,0.01346984505653381,0.00246542692184448,XArbitraryZVertical,-0.1767716607658208,0.2369593720354165,-0.1801487433103641,0.9381622914227108,0.3809223175048828,0.4170568883419037,-0.825204074382782,0,0,0,-1,-1,peace_right_left
2023-05-08T04:37:45Z,213027.943340875,0.379364013671875,0.41619873046875,-0.8301239013671875,213027.914654875,-0.2890402349531797,0.4310485269133459,-0.4228580530036505,0.1395043879747391,0.06493831425905228,0.01404292695224285,-0.01946458220481873,-0.02014020085334778,-0.00868386030197143,XArbitraryZVertical,-0.1727513242784139,0.2364414498594427,-0.1819649652194582,0.93869127099871,0.3810216784477234,0.4103684425354004,-0.8285048604011536,0,0,0,-1,-1,peace_right_left
2023-05-08T04:37:45Z,213027.977015875,0.3775482177734375,0.3933868408203125,-0.8388671875,213027.974535875,-0.2939748071172643,0.4317984392855116,-0.4143809420125952,0.1566476970911026,0.08641477674245834,0.00501640792936086,-0.00770348310470581,-0.01096078753471375,-0.00751864910125732,XArbitraryZVertical,-0.1680645659864415,0.2368122388766874,-0.1835923433602026,0.9391316768651208,0.3830850124359131,0.4026233553886414,-0.8313485383987427,0,0,0,-1,-1,peace_right_left
2023-05-08T04:37:45Z,213028.010721875,0.38604736328125,0.3850555419921875,-0.834991455078125,213027.974535875,-0.2939748071172643,0.4317984392855116,-0.4143809420125952,0.1566476970911026,0.08641477674245834,0.00501640792936086,-0.00770348310470581,-0.01096078753471375,-0.00751864910125732,XArbitraryZVertical,-0.1680645659864415,0.2368122388766874,-0.1835923433602026,0.9391316768651208,0.3830850124359131,0.4026233553886414,-0.8313485383987427,0,0,0,-1,-1,peace_right_left
2023-05-08T04:37:45Z,213028.044397875,0.396942138671875,0.39013671875,-0.83843994140625,213028.034416875,-0.2992648295335932,0.433445112502789,-0.4059837961976736,0.2160249203443527,0.1036642715334892,0.00569631345570087,0.00142356753349304,-0.00911960005760192,-0.0081024169921875,XArbitraryZVertical,-0.163287376505306,0.237612046580355,-0.1854639756342374,0.9394046126624738,0.3858598470687866,0.3949227929115295,-0.8337554931640625,0,0,0,-1,-1,peace_right_left
2023-05-08T04:37:45Z,213028.078072875,0.394012451171875,0.36676025390625,-0.8410491943359375,213028.034416875,-0.2992648295335932,0.433445112502789,-0.4059837961976736,0.2160249203443527,0.1036642715334892,0.00569631345570087,0.00142356753349304,-0.00911960005760192,-0.0081024169921875,XArbitraryZVertical,-0.163287376505306,0.237612046580355,-0.1854639756342374,0.9394046126624738,0.3858598470687866,0.3949227929115295,-0.8337554931640625,0,0,0,-1,-1,peace_right_left
2023-05-08T04:37:45Z,213028.111748875,0.4079437255859375,0.3610382080078125,-0.8358612060546875,213028.094298875,-0.3052135364590693,0.4359169135118379,-0.3949033923693072,0.1871298104524612,0.074679896235466,-0.001960807479918,0.01395845413208008,-0.02041548490524292,0.00222676992416381,XArbitraryZVertical,-0.1570714489256868,0.2386864540073585,-0.187461171783881,0.9397956656235146,0.3897433876991272,0.3847190141677856,-0.8367146849632263,0,0,0,-1,-1,peace_right_left
2023-05-08T04:37:45Z,213028.145454875,0.4060821533203125,0.355224609375,-0.8409271240234375,213028.094298875,-0.3052135364590693,0.4359169135118379,-0.3949033923693072,0.1871298104524612,0.074679896235466,-0.001960807479918,0.01395845413208008,-0.02041548490524292,0.00222676992416381,XArbitraryZVertical,-0.1570714489256868,0.2386864540073585,-0.187461171783881,0.9397956656235146,0.3897433876991272,0.3847190141677856,-0.8367146849632263,0,0,0,-1,-1,peace_right_left
2023-05-08T04:37:45Z,213028.179129875,0.4241790771484375,0.3451995849609375,-0.8289947509765625,213028.154179875,-0.3093436138394164,0.4390040945546622,-0.3854479209668693,0.1555377095937729,0.05349684506654739,0.00940077006816864,0.01702028512954712,-0.01743850111961365,0.00404602289199829,XArbitraryZVertical,-0.1517822142129232,0.2399599109240922,-0.1887829339311245,0.9400757558073676,0.3938532173633575,0.3759742379188538,-0.8387628197669983,0,0,0,-1,-1,peace_right_left
2023-05-08T04:37:45Z,213028.212805875,0.4020233154296875,0.3385467529296875,-0.84375,213028.154179875,-0.3093436138394164,0.4390040945546622,-0.3854479209668693,0.1555377095937729,0.05349684506654739,0.00940077006816864,0.01702028512954712,-0.01743850111961365,0.00404602289199829,XArbitraryZVertical,-0.1517822142129232,0.2399599109240922,-0.1887829339311245,0.9400757558073676,0.3938532173633575,0.3759742379188538,-0.8387628197669983,0,0,0,-1,-1,peace_right_left
2023-05-08T04:37:46Z,213028.246481875,0.408782958984375,0.350555419921875,-0.8431396484375,213028.214060875,-0.310250007606332,0.4412195718299241,-0.3799527929411582,0.00319479219615459,0.02089276164770126,0.01242319121956825,0.00543656945228576,-0.03232988715171814,-0.0040062665939331,XArbitraryZVertical,-0.1488456514136091,0.2407760688084375,-0.1888724265894321,0.940318733043559,0.3965868055820465,0.3708766400814056,-0.8397437334060669,0,0,0,-1,-1,peace_right_left
2023-05-08T04:37:46Z,213028.280186875,0.399627685546875,0.3436737060546875,-0.8452301025390625,213028.273941875,-0.3086528991939866,0.443294740508701,-0.37779002846776,-0.05069882795214653,-0.03694603592157364,-0.01208055298775434,0.01006558537483215,-0.02269113063812256,-2.480149269104e-4,XArbitraryZVertical,-0.1478119878537741,0.2415178236897906,-0.1880758721105101,0.9404510969941454,0.3986716568470001,0.3688672482967377,-0.8396415114402771,0,0,0,-1,-1,peace_right_left
2023-05-08T04:37:46Z,213028.313862875,0.38751220703125,0.356170654296875,-0.8451385498046875,213028.273941875,-0.3086528991939866,0.443294740508701,-0.37779002846776,-0.05069882795214653,-0.03694603592157364,-0.01208055298775434,0.01006558537483215,-0.02269113063812256,-2.480149269104e-4,XArbitraryZVertical,-0.1478119878537741,0.2415178236897906,-0.1880758721105101,0.9404510969941454,0.3986716568470001,0.3688672482967377,-0.8396415114402771,0,0,0,-1,-1,peace_right_left
2023-05-08T04:37:46Z,213028.347538,0.3881683349609375,0.368377685546875,-0.834075927734375,213028.333823,-0.3066319785365429,0.4437008994147372,-0.3779584070401583,-0.04845643043518066,0.00568085256963968,-0.00389213184826076,-0.00732332468032836,-0.00572726130485534,-0.00153422355651855,XArbitraryZVertical,-0.1480981957973114,0.2415682166814518,-0.1871711532580028,0.9405737106309744,0.3989860117435455,0.3690237402915955,-0.839423418045044,0,0,0,-1,-1,peace_right_left
2023-05-08T04:37:46Z,213028.381214,0.39471435546875,0.3861541748046875,-0.8359375,213028.333823,-0.3066319785365429,0.4437008994147372,-0.3779584070401583,-0.04845643043518066,0.00568085256963968,-0.00389213184826076,-0.00732332468032836,-0.00572726130485534,-0.00153422355651855,XArbitraryZVertical,-0.1480981957973114,0.2415682166814518,-0.1871711532580028,0.9405737106309744,0.3989860117435455,0.3690237402915955,-0.839423418045044,0,0,0,-1,-1,peace_right_left
2023-05-08T04:37:46Z,213028.41492,0.405731201171875,0.3751678466796875,-0.8404998779296875,213028.393704,-0.3044497898755223,0.4484776043694115,-0.380021208651928,-0.02891821041703224,0.04480361938476562,-0.01774829253554344,-0.00519916415214538,0.01863193511962891,-0.00279456377029418,XArbitraryZVertical,-0.1488993915883137,0.243759770834618,-0.1866925262494049,0.9399766756547372,0.4026601910591125,0.3709401786327362,-0.8368203043937683,0,0,0,-1,-1,peace_right_left
2023-05-08T04:37:46Z,213028.448595,0.4013824462890625,0.3625030517578125,-0.8438873291015625,213028.393704,-0.3044497898755223,0.4484776043694115,-0.380021208651928,-0.02891821041703224,0.04480361938476562,-0.01774829253554344,-0.00519916415214538,0.01863193511962891,-0.00279456377029418,XArbitraryZVertical,-0.1488993915883137,0.243759770834618,-0.1866925262494049,0.9399766756547372,0.4026601910591125,0.3709401786327362,-0.8368203043937683,0,0,0,-1,-1,peace_right_left
