loggingTime(txt),accelerometerTimestamp_sinceReboot(s),accelerometerAccelerationX(G),accelerometerAccelerationY(G),accelerometerAccelerationZ(G),motionTimestamp_sinceReboot(s),motionYaw(rad),motionRoll(rad),motionPitch(rad),motionRotationRateX(rad/s),motionRotationRateY(rad/s),motionRotationRateZ(rad/s),motionUserAccelerationX(G),motionUserAccelerationY(G),motionUserAccelerationZ(G),motionAttitudeReferenceFrame(txt),motionQuaternionX(R),motionQuaternionY(R),motionQuaternionZ(R),motionQuaternionW(R),motionGravityX(G),motionGravityY(G),motionGravityZ(G),motionMagneticFieldX(µT),motionMagneticFieldY(µT),motionMagneticFieldZ(µT),motionHeading(°),motionMagneticFieldCalibrationAccuracy(Z),label
2023-05-08T04:37:57Z,213039.90089725,0.4976806640625,0.301971435546875,-0.802398681640625,213039.89091725,-0.3413063554674761,0.5549040960883663,-0.3097218293745737,-0.00483336625620722,6.1771646142005e-4,-0.00869913771748542,0.00270849466323852,7.6347589492797e-4,0.00495880842208862,XArbitraryZVertical,-0.1002293335050472,0.2918897246870804,-0.2030110447050195,0.929269062312034,0.501792848110199,0.3047937154769897,-0.8095089197158813,0,0,0,-1,-1,peace_right_left
2023-05-08T04:37:57Z,213039.93457325,0.50396728515625,0.3043365478515625,-0.8119049072265625,213039.89091725,-0.3413063554674761,0.5549040960883663,-0.3097218293745737,-0.00483336625620722,6.1771646142005e-4,-0.00869913771748542,0.00270849466323852,7.6347589492797e-4,0.00495880842208862,XArbitraryZVertical,-0.1002293335050472,0.2918897246870804,-0.2030110447050195,0.929269062312034,0.501792848110199,0.3047937154769897,-0.8095089197158813,0,0,0,-1,-1,peace_right_left
2023-05-08T04:37:57Z,213039.96824925,0.495269775390625,0.296112060546875,-0.8119964599609375,213039.95079925,-0.3416201572486884,0.5548032502957903,-0.3097001272945414,-0.00263304775580763,0.00438162917271256,0.00434981938451528,0.00106251239776611,-2.0766258239746e-4,0.00319921970367431,XArbitraryZVertical,-0.1001835392431591,0.2918572846983779,-0.2031491684222908,0.9292540267857372,0.5017147064208984,0.3047730326652527,-0.8095651865005493,0,0,0,-1,-1,peace_right_left
2023-05-08T04:37:57Z,213040.00195525,0.502777099609375,0.3077545166015625,-0.8070831298828125,213039.95079925,-0.3416201572486884,0.5548032502957903,-0.3097001272945414,-0.00263304775580763,0.00438162917271256,0.00434981938451528,0.00106251239776611,-2.0766258239746e-4,0.00319921970367431,XArbitraryZVertical,-0.1001835392431591,0.2918572846983779,-0.2031491684222908,0.9292540267857372,0.5017147064208984,0.3047730326652527,-0.8095651865005493,0,0,0,-1,-1,peace_right_left
2023-05-08T04:37:57Z,213040.03563125,0.4992218017578125,0.3064422607421875,-0.806427001953125,213040.01068025,-0.3409743789795537,0.5551705609905042,-0.3100370563301682,-0.00247163046151399,-0.01196272205561399,-0.00348466821014881,-3.7091970443725e-4,0.00154662132263183,0.00471287965774536,XArbitraryZVertical,-0.1003994782826908,0.2920157337616819,-0.2029082381014046,0.9292335644656806,0.501957893371582,0.305093914270401,-0.8092935085296631,0,0,0,-1,-1,peace_right_left
2023-05-08T04:37:57Z,213040.06930725,0.49920654296875,0.30279541015625,-0.80438232421875,213040.01068025,-0.3409743789795537,0.5551705609905042,-0.3100370563301682,-0.00247163046151399,-0.01196272205561399,-0.00348466821014881,-3.7091970443725e-4,0.00154662132263183,0.00471287965774536,XArbitraryZVertical,-0.1003994782826908,0.2920157337616819,-0.2029082381014046,0.9292335644656806,0.501957893371582,0.305093914270401,-0.8092935085296631,0,0,0,-1,-1,peace_right_left
2023-05-08T04:37:57Z,213040.10298325,0.4990997314453125,0.3093414306640625,-0.8033905029296875,213040.07056225,-0.3407482512499014,0.554653869601286,-0.3103156838021182,-0.01462274603545666,-0.0102272741496563,-0.00281941052526235,-0.00228822231292724,-0.00256389379501342,0.00509816408157348,XArbitraryZVertical,-0.100616348744218,0.2917809408475797,-0.2028108508859203,0.9293051183182456,0.5014948844909668,0.3053592443466187,-0.8094804883003235,0,0,0,-1,-1,peace_right_left
2023-05-08T04:37:57Z,213040.13668925,0.49749755859375,0.307769775390625,-0.806610107421875,213040.13044425,-0.3408205682983287,0.5545036370315022,-0.3102835791708273,0.01952877268195152,-0.00334366876631975,-4.0765188168734e-4,-0.0024922490119934,0.00637781620025634,0.00367122888565063,XArbitraryZVertical,-0.1006058885544768,0.2917128160990374,-0.2028329882786487,0.9293229472328666,0.5013784170150757,0.3053286969661713,-0.8095641732215881,0,0,0,-1,-1,peace_right_left
2023-05-08T04:37:57Z,213040.17036525,0.4973907470703125,0.30218505859375,-0.806396484375,213040.13044425,-0.3408205682983287,0.5545036370315022,-0.3102835791708273,0.01952877268195152,-0.00334366876631975,-4.0765188168734e-4,-0.0024922490119934,0.00637781620025634,0.00367122888565063,XArbitraryZVertical,-0.1006058885544768,0.2917128160990374,-0.2028329882786487,0.9293229472328666,0.5013784170150757,0.3053286969661713,-0.8095641732215881,0,0,0,-1,-1,peace_right_left
2023-05-08T04:37:57Z,213040.20404125,0.4908447265625,0.30548095703125,-0.8085174560546875,213040.19032525,-0.341182427415071,0.5545839238049354,-0.3096797001485955,0.01059223990887403,0.01693550497293472,0.01872742734849453,-0.00590437650680542,-0.00522363185882568,0.00261265039443969,XArbitraryZVertical,-0.1002600313586539,0.2917322095146379,-0.2029323163681264,0.9293324563246884,0.5015404224395752,0.3047536015510559,-0.8096804618835449,0,0,0,-1,-1,peace_right_left
2023-05-08T04:37:58Z,213040.23771725,0.5137176513671875,0.305511474609375,-0.8039398193359375,213040.19032525,-0.341182427415071,0.5545839238049354,-0.3096797001485955,0.01059223990887403,0.01693550497293472,0.01872742734849453,-0.00590437650680542,-0.00522363185882568,0.00261265039443969,XArbitraryZVertical,-0.1002600313586539,0.2917322095146379,-0.2029323163681264,0.9293324563246884,0.5015404224395752,0.3047536015510559,-0.8096804618835449,0,0,0,-1,-1,peace_right_left
2023-05-08T04:37:58Z,213040.27142225,0.5036773681640625,0.2967376708984375,-0.8055419921875,213040.25020725,-0.3415078623307428,0.5548697153625974,-0.3084729245909432,0.02372962795197964,-0.00871732737869024,-0.0094381645321846,0.01004356145858765,-9.7647309303283e-4,0.00305593013763427,XArbitraryZVertical,-0.0996141576968728,0.2918089199457713,-0.2029520918711053,0.9293735898712944,0.5019652247428894,0.3036040067672729,-0.8098491430282593,0,0,0,-1,-1,peace_right_left
2023-05-08T04:37:58Z,213040.30509825,0.4903564453125,0.290802001953125,-0.811279296875,213040.25020725,-0.3415078623307428,0.5548697153625974,-0.3084729245909432,0.02372962795197964,-0.00871732737869024,-0.0094381645321846,0.01004356145858765,-9.7647309303283e-4,0.00305593013763427,XArbitraryZVertical,-0.0996141576968728,0.2918089199457713,-0.2029520918711053,0.9293735898712944,0.5019652247428894,0.3036040067672729,-0.8098491430282593,0,0,0,-1,-1,peace_right_left
2023-05-08T04:37:58Z,213040.33877425,0.4952392578125,0.3063201904296875,-0.808624267578125,213040.31008825,-0.3411030787631638,0.5549698655614516,-0.3083147242892819,-0.01378059573471546,0.00334326270967721,0.0204590130597353,-0.00707638263702392,-0.01201042532920837,-4.478096961975e-4,XArbitraryZVertical,-0.09958841393648996,0.2918258559433158,-0.202749899564826,0.9294150096357852,0.5020715594291687,0.303453266620636,-0.8098396062850952,0,0,0,-1,-1,peace_right_left
2023-05-08T04:37:58Z,213040.37245,0.4991302490234375,0.29888916015625,-0.81072998046875,213040.36997,-0.3405539788451563,0.5552476854415223,-0.3075097154736512,-0.00931937154382467,-0.00489436089992523,-0.01414796523749828,0.00337320566177368,-0.00301882624626159,0.00125271081924438,XArbitraryZVertical,-0.09926055344946788,0.2918794566184597,-0.2024111813954038,0.9295071090075642,0.5024251937866211,0.3026861250400543,-0.8099074363708496,0,0,0,-1,-1,peace_right_left
2023-05-08T04:37:58Z,213040.406156,0.506256103515625,0.298065185546875,-0.8037261962890625,213040.36997,-0.3405539788451563,0.5552476854415223,-0.3075097154736512,-0.00931937154382467,-0.00489436089992523,-0.01414796523749828,0.00337320566177368,-0.00301882624626159,0.00125271081924438,XArbitraryZVertical,-0.09926055344946788,0.2918794566184597,-0.2024111813954038,0.9295071090075642,0.5024251937866211,0.3026861250400543,-0.8099074363708496,0,0,0,-1,-1,peace_right_left
2023-05-08T04:37:58Z,213040.439832,0.493011474609375,0.3082427978515625,-0.8062744140625,213040.429852,-0.3400599516956531,0.5551066143708551,-0.3079974821979549,0.0119769498705864,0.02027504146099091,0.02369848266243935,-0.01221221685409546,-0.00169837474822998,-4.4995546340942e-4,XArbitraryZVertical,-0.09957707921992268,0.291818468593074,-0.2022335518071892,0.9295311321332176,0.5022330284118652,0.3031509518623352,-0.8098527789115906,0,0,0,-1,-1,peace_right_left
2023-05-08T04:37:58Z,213040.473508,0.5018768310546875,0.3056793212890625,-0.811248779296875,213040.429852,-0.3400599516956531,0.5551066143708551,-0.3079974821979549,0.0119769498705864,0.02027504146099091,0.02369848266243935,-0.01221221685409546,-0.00169837474822998,-4.4995546340942e-4,XArbitraryZVertical,-0.09957707921992268,0.291818468593074,-0.2022335518071892,0.9295311321332176,0.5022330284118652,0.3031509518623352,-0.8098527789115906,0,0,0,-1,-1,peace_right_left
2023-05-08T04:37:58Z,213040.507184,0.49810791015625,0.293975830078125,-0.804901123046875,213040.489733,-0.3397244831944982,0.5560410016370174,-0.3066923726488798,-0.0079781450331211,-0.00515175424516201,-0.0063731325790286,4.6426057815551e-4,-6.9856643676757e-4,0.00280320644378662,XArbitraryZVertical,-0.09891579300374068,0.2921582192964557,-0.2019659645256197,0.9295531593138118,0.503197968006134,0.3019070029258728,-0.8097184896469116,0,0,0,-1,-1,peace_right_left
2023-05-08T04:37:58Z,213040.54089,0.4966888427734375,0.3032073974609375,-0.8077545166015625,213040.489733,-0.3397244831944982,0.5560410016370174,-0.3066923726488798,-0.0079781450331211,-0.00515175424516201,-0.0063731325790286,4.6426057815551e-4,-6.9856643676757e-4,0.00280320644378662,XArbitraryZVertical,-0.09891579300374068,0.2921582192964557,-0.2019659645256197,0.9295531593138118,0.503197968006134,0.3019070029258728,-0.8097184896469116,0,0,0,-1,-1,peace_right_left
2023-05-08T04:37:58Z,213040.574566,0.5031585693359375,0.3023834228515625,-0.8068084716796875,213040.549615,-0.3396513479413167,0.5556916726403146,-0.307506439979854,0.01495108008384705,0.01345282234251499,0.00595996621996164,-0.00536388158798217,0.00438484549522399,0.00170177221298217,XArbitraryZVertical,-0.0993458847206678,0.2920407789295736,-0.202013311715375,0.9295339222671524,0.5027852654457092,0.3026829957962036,-0.8096851706504822,0,0,0,-1,-1,peace_right_left
2023-05-08T04:37:58Z,213040.608241,0.506317138671875,0.2982635498046875,-0.8058319091796875,213040.549615,-0.3396513479413167,0.5556916726403146,-0.307506439979854,0.01495108008384705,0.01345282234251499,0.00595996621996164,-0.00536388158798217,0.00438484549522399,0.00170177221298217,XArbitraryZVertical,-0.0993458847206678,0.2920407789295736,-0.202013311715375,0.9295339222671524,0.5027852654457092,0.3026829957962036,-0.8096851706504822,0,0,0,-1,-1,peace_right_left
2023-05-08T04:37:58Z,213040.641917,0.4958343505859375,0.3020172119140625,-0.805145263671875,213040.609496,-0.3399175325033941,0.5556974288052525,-0.3069861598853136,-7.2588393231853e-4,-0.01287678629159927,-0.00476831197738647,0.00344431400299072,-0.00392356514930725,0.00398403406143188,XArbitraryZVertical,-0.09906093235485736,0.2920256118474973,-0.2020742802083189,0.929555876388279,0.502872884273529,0.3021870851516724,-0.8098159432411194,0,0,0,-1,-1,peace_right_left
2023-05-08T04:37:58Z,213040.675623,0.497833251953125,0.3015899658203125,-0.8086395263671875,213040.669378,-0.3400885698875536,0.5554662536936014,-0.3070002997225891,0.00495093967765569,0.00443722307682037,0.00703135598450899,4.2945146560668e-4,-9.0056657791137e-4,7.7021121978759e-4,XArbitraryZVertical,-0.09906599696733964,0.2919274711629187,-0.2021440276753924,0.929571038416574,0.5026834607124329,0.3022005558013916,-0.8099285364151001,0,0,0,-1,-1,peace_right_left
2023-05-08T04:37:58Z,213040.709299,0.5055084228515625,0.2971343994140625,-0.8101348876953125,213040.669378,-0.3400885698875536,0.5554662536936014,-0.3070002997225891,0.00495093967765569,0.00443722307682037,0.00703135598450899,4.2945146560668e-4,-9.0056657791137e-4,7.7021121978759e-4,XArbitraryZVertical,-0.09906599696733964,0.2919274711629187,-0.2021440276753924,0.929571038416574,0.5026834607124329,0.3022005558013916,-0.8099285364151001,0,0,0,-1,-1,peace_right_left
2023-05-08T04:37:58Z,213040.742975,0.505279541015625,0.3042449951171875,-0.8026275634765625,213040.72926,-0.3400303944388017,0.5561331896370938,-0.30679657455801,0.01359374076128006,0.00285750208422541,-0.00428148591890931,-0.00220304727554321,0.00159773230552673,-0.00119143724441528,XArbitraryZVertical,-0.09891095588704482,0.2922224150686841,-0.2021253350348048,0.9294988511621676,0.5032559633255005,0.302006334066391,-0.8096453547477722,0,0,0,-1,-1,peace_right_left
2023-05-08T04:37:58Z,213040.776651,0.500518798828125,0.2967071533203125,-0.8082733154296875,213040.72926,-0.3400303944388017,0.5561331896370938,-0.30679657455801,0.01359374076128006,0.00285750208422541,-0.00428148591890931,-0.00220304727554321,0.00159773230552673,-0.00119143724441528,XArbitraryZVertical,-0.09891095588704482,0.2922224150686841,-0.2021253350348048,0.9294988511621676,0.5032559633255005,0.302006334066391,-0.8096453547477722,0,0,0,-1,-1,peace_right_left
2023-05-08T04:37:58Z,213040.810357,0.504730224609375,0.3000946044921875,-0.807159423828125,213040.789141,-0.3399235093988975,0.556091781814912,-0.3067137583721386,-0.03042504191398621,-0.00306037440896034,-0.00476990966126322,0.00427174568176269,-0.00753965973854064,1.3244152069091e-4,XArbitraryZVertical,-0.09889167919888524,0.2921929467701117,-0.2020635766634584,0.9295235672158024,0.5032356381416321,0.301927387714386,-0.8096874356269836,0,0,0,-1,-1,peace_right_left
2023-05-08T04:37:58Z,213040.844033,0.4933013916015625,0.2913818359375,-0.8048858642578125,213040.789141,-0.3399235093988975,0.556091781814912,-0.3067137583721386,-0.03042504191398621,-0.00306037440896034,-0.00476990966126322,0.00427174568176269,-0.00753965973854064,1.3244152069091e-4,XArbitraryZVertical,-0.09889167919888524,0.2921929467701117,-0.2020635766634584,0.9295235672158024,0.5032356381416321,0.301927387714386,-0.8096874356269836,0,0,0,-1,-1,peace_right_left
2023-05-08T04:37:58Z,213040.877709,0.509368896484375,0.29345703125,-0.8104248046875,213040.849023,-0.3394640932227488,0.5564390289738533,-0.3073202445296992,-0.03281710669398308,0.0227288119494915,0.00657808594405651,-0.01262092590332031,-0.01498419046401978,-5.6421756744384e-4,XArbitraryZVertical,-0.09920991252650764,0.2923677243936601,-0.2019408110764411,0.9294614196732924,0.5034199953079224,0.3025055229663849,-0.8093569874763489,0,0,0,-1,-1,peace_right_left
2023-05-08T04:37:58Z,213040.911385,0.5048675537109375,0.30767822265625,-0.8082122802734375,213040.908905,-0.3383091041375298,0.5569900585221235,-0.3090920181966297,-0.03797518089413643,-0.01027374621480703,-0.00840352661907672,0.001056969165802,6.4623355865478e-4,-4.587173461914e-4,XArbitraryZVertical,-0.1001591844973029,0.292671313190062,-0.2016465858445432,0.9293279894184996,0.5035817623138428,0.3041937947273254,-0.8086232542991638,0,0,0,-1,-1,peace_right_left
2023-05-08T04:37:58Z,213040.945091,0.512786865234375,0.312286376953125,-0.809906005859375,213040.908905,-0.3383091041375298,0.5569900585221235,-0.3090920181966297,-0.03797518089413643,-0.01027374621480703,-0.00840352661907672,0.001056969165802,6.4623355865478e-4,-4.587173461914e-4,XArbitraryZVertical,-0.1001591844973029,0.292671313190062,-0.2016465858445432,0.9293279894184996,0.5035817623138428,0.3041937947273254,-0.8086232542991638,0,0,0,-1,-1,peace_right_left
2023-05-08T04:37:58Z,213040.978767,0.497344970703125,0.2994384765625,-0.80340576171875,213040.968787,-0.3381616361569912,0.5552204343443792,-0.3106833328655219,-0.06124058365821838,-0.02782770618796349,-0.02591194584965706,-0.00442707538604736,-0.00480604171752929,0.00613754987716674,XArbitraryZVertical,-0.1011099920677933,0.2919355752100694,-0.2016818478619142,0.9294487598288408,0.5018942356109619,0.3057093322277069,-0.8091008067131042,0,0,0,-1,-1,peace_right_left
2023-05-08T04:37:58Z,213041.012443,0.496795654296875,0.305267333984375,-0.8005218505859375,213040.968787,-0.3381616361569912,0.5552204343443792,-0.3106833328655219,-0.06124058365821838,-0.02782770618796349,-0.02591194584965706,-0.00442707538604736,-0.00480604171752929,0.00613754987716674,XArbitraryZVertical,-0.1011099920677933,0.2919355752100694,-0.2016818478619142,0.9294487598288408,0.5018942356109619,0.3057093322277069,-0.8091008067131042,0,0,0,-1,-1,peace_right_left
2023-05-08T04:37:58Z,213041.046119,0.50213623046875,0.3168487548828125,-0.801483154296875,213041.028668,-0.3370606264559274,0.5552300677810446,-0.3140719291632046,-0.04651513695716858,-0.02320019528269768,-0.03076262772083282,-0.00210064649581909,0.00658726692199707,0.00907766819000244,XArbitraryZVertical,-0.1028686226307752,0.2920831267843566,-0.2015803216782799,0.9292314086708248,0.5013530254364014,0.3089339435100555,-0.8082109689712524,0,0,0,-1,-1,peace_right_left
2023-05-08T04:37:58Z,213041.079825,0.50238037109375,0.315765380859375,-0.80548095703125,213041.028668,-0.3370606264559274,0.5552300677810446,-0.3140719291632046,-0.04651513695716858,-0.02320019528269768,-0.03076262772083282,-0.00210064649581909,0.00658726692199707,0.00907766819000244,XArbitraryZVertical,-0.1028686226307752,0.2920831267843566,-0.2015803216782799,0.9292314086708248,0.5013530254364014,0.3089339435100555,-0.8082109689712524,0,0,0,-1,-1,peace_right_left
2023-05-08T04:37:58Z,213041.1135,0.491241455078125,0.3104095458984375,-0.8076324462890625,213041.08855,-0.337943176092534,0.5532693023052204,-0.3168548130190466,-0.03856303915381432,-0.02411306276917458,-0.04970888793468475,-0.00201442837715148,5.6952238082885e-4,0.0088973045349121,XArbitraryZVertical,-0.1042508371039359,0.2913808968155889,-0.2022241351833356,0.929157944577805,0.4993136823177338,0.3115794956684113,-0.8084578514099121,0,0,0,-1,-1,peace_right_left
2023-05-08T04:37:58Z,213041.147176,0.47808837890625,0.3146514892578125,-0.8087921142578125,213041.08855,-0.337943176092534,0.5532693023052204,-0.3168548130190466,-0.03856303915381432,-0.02411306276917458,-0.04970888793468475,-0.00201442837715148,5.6952238082885e-4,0.0088973045349121,XArbitraryZVertical,-0.1042508371039359,0.2913808968155889,-0.2022241351833356,0.929157944577805,0.4993136823177338,0.3115794956684113,-0.8084578514099121,0,0,0,-1,-1,peace_right_left
2023-05-08T04:37:58Z,213041.180852,0.4715728759765625,0.3377227783203125,-0.81292724609375,213041.148431,-0.339008617275962,0.5531015808331001,-0.321309971830153,-0.04311049357056618,0.02699799090623856,-0.04843137040734291,-0.02035540342330933,-0.00115832686424255,-0.00143969058990478,XArbitraryZVertical,-0.1062142987700079,0.2916201438756123,-0.2032448087349636,0.9286376861216982,0.4984439015388489,0.3158097565174103,-0.8073524236679077,0,0,0,-1,-1,peace_right_left
2023-05-08T04:37:58Z,213041.214558,0.4732818603515625,0.349456787109375,-0.8118896484375,213041.208313,-0.3428513613747844,0.5554450649299488,-0.3217570778340093,0.09418143332004549,0.1173312216997147,-0.07414551824331284,-0.02688652276992798,0.03535902500152588,-0.00695669651031494,XArbitraryZVertical,-0.1056242568035804,0.2929376860390552,-0.2052060971183931,0.9278586288599844,0.500260055065155,0.3162339627742767,-0.8060620427131653,0,0,0,-1,-1,peace_right_left
2023-05-08T04:37:59Z,213041.248234,0.474761962890625,0.35693359375,-0.813140869140625,213041.208313,-0.3428513613747844,0.5554450649299488,-0.3217570778340093,0.09418143332004549,0.1173312216997147,-0.07414551824331284,-0.02688652276992798,0.03535902500152588,-0.00695669651031494,XArbitraryZVertical,-0.1056242568035804,0.2929376860390552,-0.2052060971183931,0.9278586288599844,0.500260055065155,0.3162339627742767,-0.8060620427131653,0,0,0,-1,-1,peace_right_left
2023-05-08T04:37:59Z,213041.28191,0.47113037109375,0.342803955078125,-0.8016510009765625,213041.268195,-0.3547399276906563,0.55960150366486,-0.3148999394570606,0.3251586258411407,0.2916938364505768,-0.05260534211993217,-0.0288236141204834,0.04654082655906677,0.0019463300704956,XArbitraryZVertical,-0.1002139399853624,0.2950591178338294,-0.2101052752856452,0.9266893315740322,0.5047453045845032,0.3097213208675385,-0.8057945370674133,0,0,0,-1,-1,peace_right_left
2023-05-08T04:37:59Z,213041.315586,0.500946044921875,0.3256378173828125,-0.79931640625,213041.268195,-0.3547399276906563,0.55960150366486,-0.3148999394570606,0.3251586258411407,0.2916938364505768,-0.05260534211993217,-0.0288236141204834,0.04654082655906677,0.0019463300704956,XArbitraryZVertical,-0.1002139399853624,0.2950591178338294,-0.2101052752856452,0.9266893315740322,0.5047453045845032,0.3097213208675385,-0.8057945370674133,0,0,0,-1,-1,peace_right_left
2023-05-08T04:37:59Z,213041.3492929167,0.5346221923828125,0.31072998046875,-0.7819061279296875,213041.328076,-0.3714679979426843,0.5711213736933218,-0.3040380933723659,0.3592624068260193,0.3115741312503815,-0.1151747107505798,-0.0078325867652893,0.03039738535881042,0.00789457559585571,XArbitraryZVertical,-0.09138245756842676,0.3004903049106706,-0.2170707746314552,0.9242484974819318,0.5157824754714966,0.2993755340576172,-0.8027096390724182,0,0,0,-1,-1,peace_right_left
2023-05-08T04:37:59Z,213041.3829689167,0.52764892578125,0.2354583740234375,-0.7745208740234375,213041.328076,-0.3714679979426843,0.5711213736933218,-0.3040380933723659,0.3592624068260193,0.3115741312503815,-0.1151747107505798,-0.0078325867652893,0.03039738535881042,0.00789457559585571,XArbitraryZVertical,-0.09138245756842676,0.3004903049106706,-0.2170707746314552,0.9242484974819318,0.5157824754714966,0.2993755340576172,-0.8027096390724182,0,0,0,-1,-1,peace_right_left
2023-05-08T04:37:59Z,213041.4166449167,0.5572662353515625,0.276092529296875,-0.79595947265625,213041.3879589167,-0.3892352502112493,0.5823677608899596,-0.2919792495082065,0.1961548924446106,0.2316320389509201,-0.1643049865961075,0.00420498847961425,-0.05515179038047791,0.01887053251266479,XArbitraryZVertical,-0.08178781912315648,0.3056191843950289,-0.2242544017943322,0.9217471156282856,0.526724636554718,0.2878482639789581,-0.7998153567314148,0,0,0,-1,-1,peace_right_left
2023-05-08T04:37:59Z,213041.4503209167,0.5501251220703125,0.2646636962890625,-0.793853759765625,213041.4478409167,-0.4021344572799805,0.5883349372337301,-0.2901643778454402,0.1190821006894112,0.1051794141530991,-0.1264675855636597,0.02019459009170532,-0.01923355460166931,0.00256621837615966,XArbitraryZVertical,-0.07827826947933189,0.3087504523532799,-0.2302017638080694,0.9195396043217684,0.5317769646644592,0.2861097455024719,-0.7970913648605347,0,0,0,-1,-1,peace_right_left
2023-05-08T04:37:59Z,213041.4840259167,0.544219970703125,0.28521728515625,-0.7903594970703125,213041.4478409167,-0.4021344572799805,0.5883349372337301,-0.2901643778454402,0.1190821006894112,0.1051794141530991,-0.1264675855636597,0.02019459009170532,-0.01923355460166931,0.00256621837615966,XArbitraryZVertical,-0.07827826947933189,0.3087504523532799,-0.2302017638080694,0.9195396043217684,0.5317769646644592,0.2861097455024719,-0.7970913648605347,0,0,0,-1,-1,peace_right_left
2023-05-08T04:37:59Z,213041.5177019167,0.5458526611328125,0.2679443359375,-0.7921295166015625,213041.5077219167,-0.4125458234261589,0.5923426256003275,-0.2868218578515435,0.1504224091768265,0.1371031850576401,-0.094091534614563,0.00664675235748291,-0.00783523917198181,0.00262141227722168,XArbitraryZVertical,-0.0746362082063394,0.3107379794518217,-0.234713218569425,0.9180311510746828,0.5354980826377869,0.2829053401947021,-0.7957426905632019,0,0,0,-1,-1,peace_right_left
2023-05-08T04:37:59Z,213041.5513779167,0.5426025390625,0.260894775390625,-0.7933349609375,213041.5077219167,-0.4125458234261589,0.5923426256003275,-0.2868218578515435,0.1504224091768265,0.1371031850576401,-0.094091534614563,0.00664675235748291,-0.00783523917198181,0.00262141227722168,XArbitraryZVertical,-0.0746362082063394,0.3107379794518217,-0.234713218569425,0.9180311510746828,0.5354980826377869,0.2829053401947021,-0.7957426905632019,0,0,0,-1,-1,peace_right_left
2023-05-08T04:37:59Z,213041.5850539167,0.5464019775390625,0.2802581787109375,-0.788330078125,213041.5676039167,-0.4226217315674394,0.5988399615059833,-0.2824263802904414,0.1385453194379807,0.131667748093605,-0.1110609248280525,-0.00105416774749755,-0.00796535611152648,-4.1979551315307e-4,XArbitraryZVertical,-0.07024010233952153,0.3137408164178737,-0.2390063853952968,0.916247254058134,0.5413526296615601,0.2786867320537567,-0.7932660579681396,0,0,0,-1,-1,peace_right_left
2023-05-08T04:37:59Z,213041.6187599167,0.5595245361328125,0.25311279296875,-0.791717529296875,213041.5676039167,-0.4226217315674394,0.5988399615059833,-0.2824263802904414,0.1385453194379807,0.131667748093605,-0.1110609248280525,-0.00105416774749755,-0.00796535611152648,-4.1979551315307e-4,XArbitraryZVertical,-0.07024010233952153,0.3137408164178737,-0.2390063853952968,0.916247254058134,0.5413526296615601,0.2786867320537567,-0.7932660579681396,0,0,0,-1,-1,peace_right_left
2023-05-08T04:37:59Z,213041.6524359167,0.5717620849609375,0.2606353759765625,-0.7762908935546875,213041.6274849167,-0.4322575132123159,0.6031283873219768,-0.2781396115961633,0.08993241935968399,0.1018416061997414,-0.0857478454709053,0.01045560836791992,-0.01835694909095764,-0.00175678730010986,XArbitraryZVertical,-0.06620711882008687,0.315689219643047,-0.2430103536074651,0.9148241105400888,0.5454221963882446,0.2745672464370728,-0.7919138669967651,0,0,0,-1,-1,peace_right_left
2023-05-08T04:37:59Z,213041.6861119167,0.586517333984375,0.2711944580078125,-0.768951416015625,213041.6274849167,-0.4322575132123159,0.6031283873219768,-0.2781396115961633,0.08993241935968399,0.1018416061997414,-0.0857478454709053,0.01045560836791992,-0.01835694909095764,-0.00175678730010986,XArbitraryZVertical,-0.06620711882008687,0.315689219643047,-0.2430103536074651,0.9148241105400888,0.5454221963882446,0.2745672464370728,-0.7919138669967651,0,0,0,-1,-1,peace_right_left
2023-05-08T04:37:59Z,213041.7197879167,0.5726165771484375,0.24700927734375,-0.7797698974609375,213041.6873669167,-0.4371224169533522,0.6050485643569506,-0.2779424279560554,0.00566719705238938,-0.00766517873853445,-0.02601820603013039,0.03954488039016724,-0.00318321585655212,0.02195823192596436,XArbitraryZVertical,-0.06511166825438325,0.3167107191620689,-0.2452720665649325,0.9139455505713928,0.5469725728034973,0.2743776142597198,-0.7909095883369446,0,0,0,-1,-1,peace_right_left
2023-05-08T04:37:59Z,213041.7534929167,0.568115234375,0.263458251953125,-0.7776031494140625,213041.7472479167,-0.4340334587909286,0.6057322895337774,-0.2790829689610078,-0.1257727593183517,-0.09737203270196916,0.01088947709649801,0.02427494525909424,-0.01027649641036987,0.01165217161178589,XArbitraryZVertical,-0.06604886314790857,0.3170153250850752,-0.2440308228862879,0.9141050108151424,0.5473346710205078,0.2754742205142975,-0.7902776598930359,0,0,0,-1,-1,peace_right_left
2023-05-08T04:37:59Z,213041.7871689167,0.55596923828125,0.2681732177734375,-0.7863616943359375,213041.7472479167,-0.4340334587909286,0.6057322895337774,-0.2790829689610078,-0.1257727593183517,-0.09737203270196916,0.01088947709649801,0.02427494525909424,-0.01027649641036987,0.01165217161178589,XArbitraryZVertical,-0.06604886314790857,0.3170153250850752,-0.2440308228862879,0.9141050108151424,0.5473346710205078,0.2754742205142975,-0.7902776598930359,0,0,0,-1,-1,peace_right_left
2023-05-08T04:37:59Z,213041.8208449167,0.53717041015625,0.2697296142578125,-0.789703369140625,213041.8071299167,-0.4256155428281762,0.6059838032995342,-0.2853652655393782,-0.2312438786029816,-0.1337562799453735,0.00574318505823612,-6.8414211273193e-4,-0.01530316472053528,-0.00528913736343383,XArbitraryZVertical,-0.07028151125065663,0.3173476892097806,-0.2410076748072726,0.9144759710740836,0.546536922454834,0.2815079689025879,-0.7887018918991089,0,0,0,-1,-1,peace_right_left
2023-05-08T04:37:59Z,213041.8545209167,0.527435302734375,0.2901153564453125,-0.79443359375,213041.8071299167,-0.4256155428281762,0.6059838032995342,-0.2853652655393782,-0.2312438786029816,-0.1337562799453735,0.00574318505823612,-6.8414211273193e-4,-0.01530316472053528,-0.00528913736343383,XArbitraryZVertical,-0.07028151125065663,0.3173476892097806,-0.2410076748072726,0.9144759710740836,0.546536922454834,0.2815079689025879,-0.7887018918991089,0,0,0,-1,-1,peace_right_left
2023-05-08T04:37:59Z,213041.8882269167,0.5199127197265625,0.30609130859375,-0.7959136962890625,213041.8670109167,-0.4162013114539803,0.6042991282216089,-0.29293728308169,-0.227980762720108,-0.1058517321944237,0.00385074247606098,-0.01691150665283203,6.794929504394531e-5,-0.01366877555847168,XArbitraryZVertical,-0.07550703083351155,0.3168221420688773,-0.237623142975771,0.9151271953477484,0.5439806580543518,0.2887656092643738,-0.7878448367118835,0,0,0,-1,-1,peace_right_left
2023-05-08T04:37:59Z,213041.9219029167,0.5175323486328125,0.325286865234375,-0.793487548828125,213041.8670109167,-0.4162013114539803,0.6042991282216089,-0.29293728308169,-0.227980762720108,-0.1058517321944237,0.00385074247606098,-0.01691150665283203,6.794929504394531e-5,-0.01366877555847168,XArbitraryZVertical,-0.07550703083351155,0.3168221420688773,-0.237623142975771,0.9151271953477484,0.5439806580543518,0.2887656092643738,-0.7878448367118835,0,0,0,-1,-1,peace_right_left
2023-05-08T04:37:59Z,213041.9555779167,0.51861572265625,0.322174072265625,-0.7819366455078125,213041.9268929167,-0.4087245632113859,0.6004956180802162,-0.2991812254762206,-0.1479034870862961,-0.06047939509153366,0.02972681261599064,-0.02275407314300537,0.02879416942596436,-0.003098726272583,XArbitraryZVertical,-0.08005209803573583,0.3152603188682073,-0.2348591009098074,0.9159934344465228,0.5399508476257324,0.2947379052639008,-0.788405179977417,0,0,0,-1,-1,peace_right_left
2023-05-08T04:37:59Z,213041.9892539167,0.5197601318359375,0.3214569091796875,-0.781829833984375,213041.9867739167,-0.4036079195061766,0.5972091274125398,-0.3047510810384947,-0.08609644323587418,-0.01280980743467808,0.03957092389464378,-0.01732128858566284,0.02204200625419617,0.00665545463562011,XArbitraryZVertical,-0.08384304767162733,0.3139545913695428,-0.2330950403995712,0.9165531505950164,0.5364253520965576,0.3000557422637939,-0.7888057231903076,0,0,0,-1,-1,peace_right_left
2023-05-08T04:37:59Z,213042.0229599167,0.5328826904296875,0.319244384765625,-0.7816162109375,213041.9867739167,-0.4036079195061766,0.5972091274125398,-0.3047510810384947,-0.08609644323587418,-0.01280980743467808,0.03957092389464378,-0.01732128858566284,0.02204200625419617,0.00665545463562011,XArbitraryZVertical,-0.08384304767162733,0.3139545913695428,-0.2330950403995712,0.9165531505950164,0.5364253520965576,0.3000557422637939,-0.7888057231903076,0,0,0,-1,-1,peace_right_left
2023-05-08T04:37:59Z,213042.0566359167,0.5334320068359375,0.3122406005859375,-0.7789459228515625,213042.0466559167,-0.3998403263146918,0.5961053392063672,-0.3100231263405396,-0.06937696784734726,-0.00398608949035406,0.02773130685091019,-0.00385123491287231,0.00613752007484436,0.00577449798583984,XArbitraryZVertical,-0.08702603760799656,0.3136683288884053,-0.2319945189255924,0.9166336800581226,0.5346587896347046,0.3050806522369385,-0.7880772948265076,0,0,0,-1,-1,peace_right_left
2023-05-08T04:37:59Z,213042.0903119167,0.5364532470703125,0.3164215087890625,-0.7852020263671875,213042.0466559167,-0.3998403263146918,0.5961053392063672,-0.3100231263405396,-0.06937696784734726,-0.00398608949035406,0.02773130685091019,-0.00385123491287231,0.00613752007484436,0.00577449798583984,XArbitraryZVertical,-0.08702603760799656,0.3136683288884053,-0.2319945189255924,0.9166336800581226,0.5346587896347046,0.3050806522369385,-0.7880772948265076,0,0,0,-1,-1,peace_right_left
2023-05-08T04:37:59Z,213042.1239879167,0.5255889892578125,0.310150146484375,-0.7823486328125,213042.1065369167,-0.3978110410771369,0.594576174656719,-0.3143661948102452,-0.03817998990416527,-0.05145493894815445,-0.00599762704223394,0.00339657068252563,0.00496461987495422,0.0010000467300415,XArbitraryZVertical,-0.08955103375516872,0.3131870729647172,-0.2315496785292102,0.9166675712557868,0.5327058434486389,0.309213787317276,-0.7877889275550842,0,0,0,-1,-1,peace_right_left
2023-05-08T04:37:59Z,213042.1576929167,0.52496337890625,0.3174285888671875,-0.7895660400390625,213042.1065369167,-0.3978110410771369,0.594576174656719,-0.3143661948102452,-0.03817998990416527,-0.05145493894815445,-0.00599762704223394,0.00339657068252563,0.00496461987495422,0.0010000467300415,XArbitraryZVertical,-0.08955103375516872,0.3131870729647172,-0.2315496785292102,0.9166675712557868,0.5327058434486389,0.309213787317276,-0.7877889275550842,0,0,0,-1,-1,peace_right_left
2023-05-08T04:37:59Z,213042.1913689167,0.5255279541015625,0.32415771484375,-0.784423828125,213042.1664189167,-0.3969752954869123,0.5929882917074246,-0.3172893776757551,-0.05556069687008858,-0.02697049826383591,-0.01958720572292805,-0.00932508707046508,0.00462743639945983,-0.00452327728271484,XArbitraryZVertical,-0.09123196576164988,0.3126280364102648,-0.2314654273641628,0.9167139166293437,0.5309468507766724,0.3119923770427704,-0.7878808975219727,0,0,0,-1,-1,peace_right_left
2023-05-08T04:37:59Z,213042.2250449167,0.5216522216796875,0.3206329345703125,-0.7923126220703125,213042.1664189167,-0.3969752954869123,0.5929882917074246,-0.3172893776757551,-0.05556069687008858,-0.02697049826383591,-0.01958720572292805,-0.00932508707046508,0.00462743639945983,-0.00452327728271484,XArbitraryZVertical,-0.09123196576164988,0.3126280364102648,-0.2314654273641628,0.9167139166293437,0.5309468507766724,0.3119923770427704,-0.7878808975219727,0,0,0,-1,-1,peace_right_left
2023-05-08T04:38:00Z,213042.2587209167,0.5274658203125,0.31646728515625,-0.7860565185546875,213042.2262999167,-0.3969684596483359,0.59189463268658,-0.3184686254108496,0.02432027272880077,-0.00201621651649475,-0.00136346044018864,-0.00822693109512329,0.00752034783363342,-0.00415742397308349,XArbitraryZVertical,-0.09191090685281408,0.3122095124718942,-0.2315612255616928,0.9167645518367104,0.5298792123794556,0.3131125569343567,-0.788155198097229,0,0,0,-1,-1,peace_right_left
2023-05-08T04:38:00Z,213042.2924269167,0.5315704345703125,0.3094329833984375,-0.785675048828125,213042.2861819167,-0.3978025282908437,0.5903848752811163,-0.3195920802912745,-0.00845187716186046,-0.01391415297985077,0.00235457881353795,0.00344419479370117,-0.00804227590560913,0.00391733646392822,XArbitraryZVertical,-0.09248103420761004,0.3116351574059924,-0.2320154800595975,0.9167877650526302,0.5284925103187561,0.3141793310642242,-0.7886615991592407,0,0,0,-1,-1,peace_right_left
2023-05-08T04:38:00Z,213042.3261019167,0.5379791259765625,0.3106689453125,-0.7888336181640625,213042.2861819167,-0.3978025282908437,0.5903848752811163,-0.3195920802912745,-0.00845187716186046,-0.01391415297985077,0.00235457881353795,0.00344419479370117,-0.00804227590560913,0.00391733646392822,XArbitraryZVertical,-0.09248103420761004,0.3116351574059924,-0.2320154800595975,0.9167877650526302,0.5284925103187561,0.3141793310642242,-0.7886615991592407,0,0,0,-1,-1,peace_right_left
2023-05-08T04:38:00Z,213042.3597784167,0.5470123291015625,0.298858642578125,-0.7829132080078125,213042.3460634167,-0.3974764830155475,0.5881489843337112,-0.320274114584654,-0.03202483057975769,-0.06888679414987564,0.00655651371926069,0.01274371147155762,-0.01435071229934692,0.00433874130249023,XArbitraryZVertical,-0.0931099686716856,0.3106431037980712,-0.231847829930732,0.9171031389360924,0.5266088247299194,0.3148267567157745,-0.789662778377533,0,0,0,-1,-1,peace_right_left
2023-05-08T04:38:00Z,213042.3934544167,0.55499267578125,0.2949371337890625,-0.7772216796875,213042.3460634167,-0.3974764830155475,0.5881489843337112,-0.320274114584654,-0.03202483057975769,-0.06888679414987564,0.00655651371926069,0.01274371147155762,-0.01435071229934692,0.00433874130249023,XArbitraryZVertical,-0.0931099686716856,0.3106431037980712,-0.231847829930732,0.9171031389360924,0.5266088247299194,0.3148267567157745,-0.789662778377533,0,0,0,-1,-1,peace_right_left
2023-05-08T04:38:00Z,213042.4271604167,0.55889892578125,0.3053741455078125,-0.7752838134765625,213042.4059444167,-0.3927051067421458,0.5853176988304081,-0.3234163261242211,-0.1695160567760468,-0.1348614096641541,0.03234124183654785,0.03300195932388306,-0.0234808623790741,0.00545579195022583,XArbitraryZVertical,-0.09564632294111663,0.3093391807672879,-0.2299179600113108,0.9177684211114832,0.5238218307495117,0.3178076148033142,-0.7903221249580383,0,0,0,-1,-1,peace_right_left
2023-05-08T04:38:00Z,213042.4608364167,0.54339599609375,0.305084228515625,-0.7781982421875,213042.4059444167,-0.3927051067421458,0.5853176988304081,-0.3234163261242211,-0.1695160567760468,-0.1348614096641541,0.03234124183654785,0.03300195932388306,-0.0234808623790741,0.00545579195022583,XArbitraryZVertical,-0.09564632294111663,0.3093391807672879,-0.2299179600113108,0.9177684211114832,0.5238218307495117,0.3178076148033142,-0.7903221249580383,0,0,0,-1,-1,peace_right_left
2023-05-08T04:38:00Z,213042.4945114167,0.53619384765625,0.3219451904296875,-0.78759765625,213042.4658264167,-0.3801843531396491,0.5799095349969643,-0.3326254568904717,-0.3371391296386719,-0.2603484988212585,0.05272241309285164,0.02387958765029907,-0.01956468820571899,0.01302796602249146,XArbitraryZVertical,-0.102502168076609,0.3068590896113217,-0.2250425220446875,0.9190684390968628,0.5179142951965332,0.3265256881713867,-0.790661633014679,0,0,0,-1,-1,peace_right_left
2023-05-08T04:38:00Z,213042.5281874167,0.532440185546875,0.32916259765625,-0.7856903076171875,213042.5257074167,-0.3632129065659488,0.5701260962980361,-0.3478824910897864,-0.4579367935657501,-0.3482463359832764,0.039680115878582,0.02553766965866089,-0.01549902558326721,0.00788080692291259,XArbitraryZVertical,-0.1133256651992435,0.3024154469719806,-0.2185744931244897,0.9208298211435868,0.5074061155319214,0.3409079015254974,-0.7914043664932251,0,0,0,-1,-1,peace_right_left
2023-05-08T04:38:00Z,213042.5618934167,0.5057830810546875,0.3450164794921875,-0.79669189453125,213042.5257074167,-0.3632129065659488,0.5701260962980361,-0.3478824910897864,-0.4579367935657501,-0.3482463359832764,0.039680115878582,0.02553766965866089,-0.01549902558326721,0.00788080692291259,XArbitraryZVertical,-0.1133256651992435,0.3024154469719806,-0.2185744931244897,0.9208298211435868,0.5074061155319214,0.3409079015254974,-0.7914043664932251,0,0,0,-1,-1,peace_right_left
2023-05-08T04:38:00Z,213042.5955694167,0.49365234375,0.353271484375,-0.7901763916015625,213042.5855894167,-0.3455445645172738,0.5539333083536317,-0.3721051407061901,-0.4882400333881378,-0.4003773033618927,-0.01462706830352545,0.00601142644882202,-0.01685187220573425,-0.00188380479812622,XArbitraryZVertical,-0.1290854701254028,0.2953083315943116,-0.2123364419561088,0.92252004985105,0.4900366067886353,0.3635773062705994,-0.7922598719596863,0,0,0,-1,-1,peace_right_left
2023-05-08T04:38:00Z,213042.6292454167,0.4752349853515625,0.3636322021484375,-0.7823944091796875,213042.5855894167,-0.3455445645172738,0.5539333083536317,-0.3721051407061901,-0.4882400333881378,-0.4003773033618927,-0.01462706830352545,0.00601142644882202,-0.01685187220573425,-0.00188380479812622,XArbitraryZVertical,-0.1290854701254028,0.2953083315943116,-0.2123364419561088,0.92252004985105,0.4900366067886353,0.3635773062705994,-0.7922598719596863,0,0,0,-1,-1,peace_right_left
2023-05-08T04:38:00Z,213042.6629204167,0.4346771240234375,0.41754150390625,-0.8092041015625,213042.6454704167,-0.3283025826322937,0.5360982991869035,-0.3986012980089176,-0.4711630046367645,-0.314173698425293,0.04257603734731674,-0.00666150450706481,-0.01401472091674805,-0.0098738670349121,XArbitraryZVertical,-0.1459234917836447,0.2873164852126793,-0.2061914951234185,0.9239267692431704,0.470742404460907,0.3881296813488007,-0.7923111319541931,0,0,0,-1,-1,peace_right_left
2023-05-08T04:38:00Z,213042.6966264167,0.426300048828125,0.41168212890625,-0.7732391357421875,213042.6454704167,-0.3283025826322937,0.5360982991869035,-0.3986012980089176,-0.4711630046367645,-0.314173698425293,0.04257603734731674,-0.00666150450706481,-0.01401472091674805,-0.0098738670349121,XArbitraryZVertical,-0.1459234917836447,0.2873164852126793,-0.2061914951234185,0.9239267692431704,0.470742404460907,0.3881296813488007,-0.7923111319541931,0,0,0,-1,-1,peace_right_left
2023-05-08T04:38:00Z,213042.7303024167,0.401641845703125,0.4238128662109375,-0.7825775146484375,213042.7053514167,-0.3074713714188028,0.5288008808283088,-0.4232411041843577,-0.5186198353767395,-0.2873156070709229,0.06179872900247574,-0.03735995292663574,-0.00295713543891906,0.00999039411544799,XArbitraryZVertical,-0.1612291510923137,0.2835339355381952,-0.1987557333771701,0.9241806768309272,0.4599827229976654,0.4107177257537842,-0.7872273325920105,0,0,0,-1,-1,peace_right_left
2023-05-08T04:38:00Z,213042.7639784167,0.431793212890625,0.4654388427734375,-0.777496337890625,213042.7053514167,-0.3074713714188028,0.5288008808283088,-0.4232411041843577,-0.5186198353767395,-0.2873156070709229,0.06179872900247574,-0.03735995292663574,-0.00295713543891906,0.00999039411544799,XArbitraryZVertical,-0.1612291510923137,0.2835339355381952,-0.1987557333771701,0.9241806768309272,0.4599827229976654,0.4107177257537842,-0.7872273325920105,0,0,0,-1,-1,peace_right_left
2023-05-08T04:38:00Z,213042.7976544167,0.4324493408203125,0.4726409912109375,-0.77288818359375,213042.7652334167,-0.2902325398266672,0.5229245943819641,-0.4454436582308585,-0.3264192938804626,-0.16174156963825231,0.03005651198327541,-0.01888957619667053,0.0345805287361145,0.00432604551315307,XArbitraryZVertical,-0.1746782323358984,0.2803147109316959,-0.1927394346025531,0.9239928938667554,0.4506828486919403,0.4308582842350006,-0.7818223834037781,0,0,0,-1,-1,peace_right_left
2023-05-08T04:38:00Z,213042.8313594167,0.4376983642578125,0.443115234375,-0.770477294921875,213042.8251144167,-0.2791581666260841,0.5193099201873757,-0.4569761065379984,-0.2473440766334534,-0.136096253991127,0.05836405232548714,-0.00949078798294067,0.00316044688224792,0.0056278109550476,XArbitraryZVertical,-0.1819914568117564,0.2780986106162656,-0.1885568479534965,0.924114035648873,0.4453581869602203,0.4412365257740021,-0.7790805697441101,0,0,0,-1,-1,peace_right_left
2023-05-08T04:38:00Z,213042.8650354167,0.430633544921875,0.4547576904296875,-0.7653045654296875,213042.8251144167,-0.2791581666260841,0.5193099201873757,-0.4569761065379984,-0.2473440766334534,-0.136096253991127,0.05836405232548714,-0.00949078798294067,0.00316044688224792,0.0056278109550476,XArbitraryZVertical,-0.1819914568117564,0.2780986106162656,-0.1885568479534965,0.924114035648873,0.4453581869602203,0.4412365257740021,-0.7790805697441101,0,0,0,-1,-1,peace_right_left
2023-05-08T04:38:00Z,213042.8987114167,0.416595458984375,0.4671478271484375,-0.77069091796875,213042.8849954167,-0.2703551526916622,0.5131266510451776,-0.4681717852919255,-0.1966143101453781,-0.2023291438817978,-0.01549525838345289,-0.01000970602035522,0.02471181750297546,0.01013273000717163,XArbitraryZVertical,-0.1890494703824648,0.2748216594844197,-0.185123045587086,0.9243715554236044,0.438079833984375,0.4512555599212646,-0.7774667143821716,0,0,0,-1,-1,peace_right_left
2023-05-08T04:38:00Z,213042.9323874167,0.394775390625,0.471160888671875,-0.7673797607421875,213042.8849954167,-0.2703551526916622,0.5131266510451776,-0.4681717852919255,-0.1966143101453781,-0.2023291438817978,-0.01549525838345289,-0.01000970602035522,0.02471181750297546,0.01013273000717163,XArbitraryZVertical,-0.1890494703824648,0.2748216594844197,-0.185123045587086,0.9243715554236044,0.438079833984375,0.4512555599212646,-0.7774667143821716,0,0,0,-1,-1,peace_right_left
2023-05-08T04:38:00Z,213042.9660924167,0.3755950927734375,0.487548828125,-0.775909423828125,213042.9448774167,-0.2659848930506182,0.5042569506517255,-0.4798634032516915,-0.2135587632656097,-0.1581475734710693,-0.05312572419643402,-0.03594905138015747,0.01568266749382019,0.00116705894470214,XArbitraryZVertical,-0.1959592268033776,0.2706942275761222,-0.1834886226656198,0.9244764703326304,0.4285883009433746,0.4616580009460449,-0.7766492366790771,0,0,0,-1,-1,peace_right_left
2023-05-08T04:38:00Z,213042.9997684167,0.390350341796875,0.49688720703125,-0.7575225830078125,213042.9448774167,-0.2659848930506182,0.5042569506517255,-0.4798634032516915,-0.2135587632656097,-0.1581475734710693,-0.05312572419643402,-0.03594905138015747,0.01568266749382019,0.00116705894470214,XArbitraryZVertical,-0.1959592268033776,0.2706942275761222,-0.1834886226656198,0.9244764703326304,0.4285883009433746,0.4616580009460449,-0.7766492366790771,0,0,0,-1,-1,peace_right_left
2023-05-08T04:38:00Z,213043.0334444167,0.3888092041015625,0.5062408447265625,-0.77166748046875,213043.0047584167,-0.2633357623852483,0.4982519264281142,-0.490809619945955,-0.110014334321022,-0.096580408513546,-0.04727981612086296,-0.03100398182868958,0.0286903977394104,0.01565957069396973,XArbitraryZVertical,-0.2020107090113174,0.2680112628112793,-0.1828049026841222,0.924090966079932,0.4214764833450317,0.4713400900363922,-0.7747232913970947,0,0,0,-1,-1,peace_right_left
2023-05-08T04:38:00Z,213043.0671204167,0.4024505615234375,0.496368408203125,-0.782440185546875,213043.0646394167,-0.2667276924631607,0.4871368817624095,-0.4972325738822595,0.02194597572088242,-0.0385742262005806,0.01929973997175694,-0.00975671410560607,0.0204414427280426,-0.00552731752395629,XArbitraryZVertical,-0.2055978516991797,0.2634296102048924,-0.183891887457472,0.9244014986552954,0.4114139080047607,0.476995050907135,-0.7766687273979187,0,0,0,-1,-1,peace_right_left
2023-05-08T04:38:00Z,213043.1008254167,0.4018096923828125,0.488983154296875,-0.7648162841796875,213043.0646394167,-0.2667276924631607,0.4871368817624095,-0.4972325738822595,0.02194597572088242,-0.0385742262005806,0.01929973997175694,-0.00975671410560607,0.0204414427280426,-0.00552731752395629,XArbitraryZVertical,-0.2055978516991797,0.2634296102048924,-0.183891887457472,0.9244014986552954,0.4114139080047607,0.476995050907135,-0.7766687273979187,0,0,0,-1,-1,peace_right_left
2023-05-08T04:38:00Z,213043.1345014167,0.4108734130859375,0.476776123046875,-0.7804718017578125,213043.1245214167,-0.267972283365711,0.4820469984588956,-0.4994341205848875,0.071358323097229,-0.04401053488254547,0.02200684323906898,4.7260522842407e-4,-0.00412115454673767,0.00252133607864379,XArbitraryZVertical,-0.2069379809364397,0.2612785537157331,-0.1841608152252161,0.9246594349792192,0.4069676399230957,0.4789288640022278,-0.7778204083442688,0,0,0,-1,-1,peace_right_left
2023-05-08T04:38:00Z,213043.1681774167,0.4103851318359375,0.488311767578125,-0.7781219482421875,213043.1245214167,-0.267972283365711,0.4820469984588956,-0.4994341205848875,0.071358323097229,-0.04401053488254547,0.02200684323906898,4.7260522842407e-4,-0.00412115454673767,0.00252133607864379,XArbitraryZVertical,-0.2069379809364397,0.2612785537157331,-0.1841608152252161,0.9246594349792192,0.4069676399230957,0.4789288640022278,-0.7778204083442688,0,0,0,-1,-1,peace_right_left
2023-05-08T04:38:00Z,213043.2018534167,0.4120025634765625,0.466094970703125,-0.7778472900390625,213043.1844024167,-0.2696065259455445,0.4794878308945958,-0.4981524399188748,0.05891068279743195,-0.02058963477611542,0.01132064312696457,0.01176422834396362,1.3244152069091e-4,0.00561487674713134,XArbitraryZVertical,-0.2063580298803418,0.2602204896036054,-0.184526151995395,0.9250145578314724,0.4052585661411285,0.4778033494949341,-0.7794033288955688,0,0,0,-1,-1,peace_right_left
2023-05-08T04:38:01Z,213043.2355584167,0.4208221435546875,0.4522552490234375,-0.77862548828125,213043.1844024167,-0.2696065259455445,0.4794878308945958,-0.4981524399188748,0.05891068279743195,-0.02058963477611542,0.01132064312696457,0.01176422834396362,1.3244152069091e-4,0.00561487674713134,XArbitraryZVertical,-0.2063580298803418,0.2602204896036054,-0.184526151995395,0.9250145578314724,0.4052585661411285,0.4778033494949341,-0.7794033288955688,0,0,0,-1,-1,peace_right_left
2023-05-08T04:38:01Z,213043.2692344167,0.408233642578125,0.45379638671875,-0.78717041015625,213043.2442834167,-0.2692050498245754,0.4795819487176618,-0.4966386678731381,-0.00915379729121923,-0.02432551607489586,0.0143185630440712,0.01436355710029602,-0.02580469846725464,5.4126977920532e-4,XArbitraryZVertical,-0.205689488121056,0.2601708156537478,-0.1842018145907989,0.9252420239792448,0.4056651890277863,0.4764730036258698,-0.7800059914588928,0,0,0,-1,-1,peace_right_left
2023-05-08T04:38:01Z,213043.3029104167,0.414520263671875,0.4607391357421875,-0.7807159423828125,213043.2442834167,-0.2692050498245754,0.4795819487176618,-0.4966386678731381,-0.00915379729121923,-0.02432551607489586,0.0143185630440712,0.01436355710029602,-0.02580469846725464,5.4126977920532e-4,XArbitraryZVertical,-0.205689488121056,0.2601708156537478,-0.1842018145907989,0.9252420239792448,0.4056651890277863,0.4764730036258698,-0.7800059914588928,0,0,0,-1,-1,peace_right_left
2023-05-08T04:38:01Z,213043.3365864167,0.417388916015625,0.4790191650390625,-0.7758636474609375,213043.3041654167,-0.267033554173158,0.4809451674076059,-0.4987229931038092,-0.09147632867097856,-0.03377514332532883,-0.01897334679961205,0.00825250148773193,-0.01756536960601807,-0.00214582681655883,XArbitraryZVertical,-0.2068273305941403,0.2606480615022521,-0.1835426996419889,0.9249850350682826,0.4062678217887878,0.4783044755458832,-0.7785701155662537,0,0,0,-1,-1,peace_right_left
2023-05-08T04:38:01Z,213043.37029125,0.40374755859375,0.4799041748046875,-0.7755584716796875,213043.36404625,-0.2663016467449843,0.4781706008367153,-0.4976860052612253,0.0026689360383898,-0.07663112878799438,-0.01210825052112341,0.00527292490005493,0.00246483087539672,0.00753599405288696,XArbitraryZVertical,-0.2066887630383588,0.2592539830875429,-0.1828154896213062,0.9255516412543032,0.4043340981006622,0.4773935377597809,-0.7801342606544495,0,0,0,-1,-1,peace_right_left
2023-05-08T04:38:01Z,213043.40396725,0.39532470703125,0.49200439453125,-0.7765655517578125,213043.36404625,-0.2663016467449843,0.4781706008367153,-0.4976860052612253,0.0026689360383898,-0.07663112878799438,-0.01210825052112341,0.00527292490005493,0.00246483087539672,0.00753599405288696,XArbitraryZVertical,-0.2066887630383588,0.2592539830875429,-0.1828154896213062,0.9255516412543032,0.4043340981006622,0.4773935377597809,-0.7801342606544495,0,0,0,-1,-1,peace_right_left
2023-05-08T04:38:01Z,213043.43764325,0.384613037109375,0.4743194580078125,-0.783447265625,213043.42392725,-0.2676664242695568,0.4762112654485743,-0.4951515306733832,0.04331187903881073,-0.01434418931603432,-0.02680011093616486,-0.01529651880264282,9.855031967163e-4,0.00381481647491455,XArbitraryZVertical,-0.2054985563891026,0.2584017216088366,-0.1829978636463818,0.9260188215466262,0.40335813164711,0.4751649796962738,-0.781997799873352,0,0,0,-1,-1,peace_right_left
2023-05-08T04:38:01Z,213043.47131925,0.3952484130859375,0.4725494384765625,-0.78900146484375,213043.42392725,-0.2676664242695568,0.4762112654485743,-0.4951515306733832,0.04331187903881073,-0.01434418931603432,-0.02680011093616486,-0.01529651880264282,9.855031967163e-4,0.00381481647491455,XArbitraryZVertical,-0.2054985563891026,0.2584017216088366,-0.1829978636463818,0.9260188215466262,0.40335813164711,0.4751649796962738,-0.781997799873352,0,0,0,-1,-1,peace_right_left
2023-05-08T04:38:01Z,213043.50502425,0.41204833984375,0.4693603515625,-0.77923583984375,213043.48380925,-0.26990329022826,0.4768479706691591,-0.4949977378512997,0.02836132422089577,0.01621125638484955,-0.005549150519073,0.00280308723449707,-0.00493693351745605,-0.00112271308898925,XArbitraryZVertical,-0.2050784510636784,0.2589208047481101,-0.1840837973485925,0.9257516057369436,0.4038894474506378,0.4750296473503113,-0.781805694103241,0,0,0,-1,-1,peace_right_left
2023-05-08T04:38:01Z,213043.53870025,0.4040985107421875,0.477447509765625,-0.7813568115234375,213043.48380925,-0.26990329022826,0.4768479706691591,-0.4949977378512997,0.02836132422089577,0.01621125638484955,-0.005549150519073,0.00280308723449707,-0.00493693351745605,-0.00112271308898925,XArbitraryZVertical,-0.2050784510636784,0.2589208047481101,-0.1840837973485925,0.9257516057369436,0.4038894474506378,0.4750296473503113,-0.781805694103241,0,0,0,-1,-1,peace_right_left
2023-05-08T04:38:01Z,213043.57237625,0.3972625732421875,0.47979736328125,-0.7841949462890625,213043.54369025,-0.27246505286146683,0.4737293987194395,-0.495637657479521,0.01043213903903961,-0.02606729045510292,-0.02351776510477066,0.00472581386566162,0.00228205323219299,0.00344812870025634,XArbitraryZVertical,-0.2053365091532765,0.2577625139640567,-0.1850116815913471,0.9258327282745046,0.4013106226921082,0.4755926728248596,-0.7827907800674438,0,0,0,-1,-1,peace_right_left
2023-05-08T04:38:01Z,213043.60605125,0.383941650390625,0.46905517578125,-0.781005859375,213043.60357125,-0.2727953622944898,0.4737772388690554,-0.494273275232456,0.01618424244225025,0.01558721251785755,0.02258847653865814,-0.01619142293930054,-0.00254452228546142,-3.8892030715942e-4,XArbitraryZVertical,-0.2046472135748243,0.2577700075680108,-0.1850378161834796,0.9259779931907948,0.4016437530517578,0.4743920266628265,-0.7833482623100281,0,0,0,-1,-1,peace_right_left
2023-05-08T04:38:01Z,213043.63975725,0.3956146240234375,0.4719085693359375,-0.7843017578125,213043.60357125,-0.2727953622944898,0.4737772388690554,-0.494273275232456,0.01618424244225025,0.01558721251785755,0.02258847653865814,-0.01619142293930054,-0.00254452228546142,-3.8892030715942e-4,XArbitraryZVertical,-0.2046472135748243,0.2577700075680108,-0.1850378161834796,0.9259779931907948,0.4016437530517578,0.4743920266628265,-0.7833482623100281,0,0,0,-1,-1,peace_right_left
2023-05-08T04:38:01Z,213043.67343325,0.40399169921875,0.4771881103515625,-0.7887725830078125,213043.66345325,-0.2730310018597504,0.4747910645666129,-0.4931147505143491,0.03253364190459251,0.02489622496068478,-0.00352674629539251,0.0029815137386322,0.00575411319732666,-0.00856316089630127,XArbitraryZVertical,-0.2039775518130995,0.2582221157488905,-0.185138443149812,0.925979754082562,0.40268874168396,0.473371833562851,-0.783428966999054,0,0,0,-1,-1,peace_right_left
2023-05-08T04:38:01Z,213043.70710925,0.4133758544921875,0.4575653076171875,-0.7777099609375,213043.66345325,-0.2730310018597504,0.4747910645666129,-0.4931147505143491,0.03253364190459251,0.02489622496068478,-0.00352674629539251,0.0029815137386322,0.00575411319732666,-0.00856316089630127,XArbitraryZVertical,-0.2039775518130995,0.2582221157488905,-0.185138443149812,0.925979754082562,0.40268874168396,0.473371833562851,-0.783428966999054,0,0,0,-1,-1,peace_right_left
2023-05-08T04:38:01Z,213043.74078425,0.40582275390625,0.4605560302734375,-0.777252197265625,213043.72333425,-0.2741539472836126,0.4733918951765923,-0.4928124559177474,-0.01132412627339363,-0.01288817077875137,-0.00446338020265102,0.00346353650093078,-0.01839366555213928,0.00441008806228637,XArbitraryZVertical,-0.2038200352921212,0.2576779163903583,-0.1854865415178098,0.92609633359197,0.4016574025154114,0.4731055498123169,-0.7841189503669739,0,0,0,-1,-1,peace_right_left
2023-05-08T04:38:01Z,213043.77449025,0.40234375,0.4791259765625,-0.7768402099609375,213043.72333425,-0.2741539472836126,0.4733918951765923,-0.4928124559177474,-0.01132412627339363,-0.01288817077875137,-0.00446338020265102,0.00346353650093078,-0.01839366555213928,0.00441008806228637,XArbitraryZVertical,-0.2038200352921212,0.2576779163903583,-0.1854865415178098,0.92609633359197,0.4016574025154114,0.4731055498123169,-0.7841189503669739,0,0,0,-1,-1,peace_right_left
2023-05-08T04:38:01Z,213043.80816625,0.3883819580078125,0.4691009521484375,-0.7859954833984375,213043.78321525,-0.2749035675745781,0.4721521969348135,-0.4930200525762817,-0.01097890641540289,-0.0261479839682579,-0.02842810191214085,0.00379395484924316,0.00116834044456481,6.0856342315673e-4,XArbitraryZVertical,-0.2039363450369107,0.257187779727322,-0.1857272646328145,0.9261587575333068,0.4006403386592865,0.4732884168624878,-0.7845288515090942,0,0,0,-1,-1,peace_right_left
2023-05-08T04:38:01Z,213043.84184225,0.399658203125,0.4634246826171875,-0.782623291015625,213043.78321525,-0.2749035675745781,0.4721521969348135,-0.4930200525762817,-0.01097890641540289,-0.0261479839682579,-0.02842810191214085,0.00379395484924316,0.00116834044456481,6.0856342315673e-4,XArbitraryZVertical,-0.2039363450369107,0.257187779727322,-0.1857272646328145,0.9261587575333068,0.4006403386592865,0.4732884168624878,-0.7845288515090942,0,0,0,-1,-1,peace_right_left
2023-05-08T04:38:01Z,213043.87551725,0.3976593017578125,0.4834136962890625,-0.784332275390625,213043.84309725,-0.275104376947557,0.4721401824399623,-0.493182407314061,-0.00629840046167373,-0.01654196158051491,-0.00554409064352512,-9.3770027160644e-4,-0.01000678539276123,0.00184190273284912,XArbitraryZVertical,-0.2039880885743475,0.257208594904637,-0.1858346250655406,0.9261200490641576,0.4005959630012512,0.4734314382076263,-0.7844651937484741,0,0,0,-1,-1,peace_right_left
2023-05-08T04:38:01Z,213043.90922325,0.39617919921875,0.4690093994140625,-0.7883148193359375,213043.90297825,-0.2755390728597428,0.4711978561716894,-0.4924851805620816,-6.7017960827797e-4,-0.01235913392156363,0.005976477637887,-2.41219997406e-4,-0.00338056683540344,-0.00270557403564453,XArbitraryZVertical,-0.2036914657709609,0.256791100184677,-0.1858730142959025,0.9262933917311932,0.4000062942504883,0.4728171825408936,-0.7851362228393555,0,0,0,-1,-1,peace_right_left
2023-05-08T04:38:01Z,213043.94289925,0.4016265869140625,0.4718780517578125,-0.7812652587890625,213043.90297825,-0.2755390728597428,0.4711978561716894,-0.4924851805620816,-6.7017960827797e-4,-0.01235913392156363,0.005976477637887,-2.41219997406e-4,-0.00338056683540344,-0.00270557403564453,XArbitraryZVertical,-0.2036914657709609,0.256791100184677,-0.1858730142959025,0.9262933917311932,0.4000062942504883,0.4728171825408936,-0.7851362228393555,0,0,0,-1,-1,peace_right_left
2023-05-08T04:38:01Z,213043.97657425,0.3907318115234375,0.4746551513671875,-0.7866973876953125,213043.96285925,-0.275421757179675,0.4701373851655476,-0.4929658764520747,-0.00900374352931976,-0.00158718042075634,-0.00111445481888949,-0.00751459598541259,-4.6241283416748e-4,0.00450396537780761,XArbitraryZVertical,-0.2040314434496181,0.256305570489053,-0.1857566095453,0.9263763239567908,0.3990704417228699,0.4732407033443451,-0.7853572368621826,0,0,0,-1,-1,peace_right_left
2023-05-08T04:38:01Z,213044.01025025,0.3917236328125,0.4690704345703125,-0.7835693359375,213043.96285925,-0.275421757179675,0.4701373851655476,-0.4929658764520747,-0.00900374352931976,-0.00158718042075634,-0.00111445481888949,-0.00751459598541259,-4.6241283416748e-4,0.00450396537780761,XArbitraryZVertical,-0.2040314434496181,0.256305570489053,-0.1857566095453,0.9263763239567908,0.3990704417228699,0.4732407033443451,-0.7853572368621826,0,0,0,-1,-1,peace_right_left
2023-05-08T04:38:01Z,213044.04395625,0.3943023681640625,0.4763336181640625,-0.7849884033203125,213044.02274025,-0.2747617752529821,0.4710080082247677,-0.4934618007715544,-0.01533808652311563,-0.00307235959917306,0.0027998590376228,-0.00880882143974304,-0.00436297059059143,0.00304675102233886,XArbitraryZVertical,-0.2042688136768818,0.2566595159127311,-0.1855872505556822,0.9262599807882204,0.3996475040912628,0.4736775159835815,-0.7848002910614014,0,0,0,-1,-1,peace_right_left
2023-05-08T04:38:01Z,213044.07763225,0.4012908935546875,0.4798583984375,-0.784149169921875,213044.02274025,-0.2747617752529821,0.4710080082247677,-0.4934618007715544,-0.01533808652311563,-0.00307235959917306,0.0027998590376228,-0.00880882143974304,-0.00436297059059143,0.00304675102233886,XArbitraryZVertical,-0.2042688136768818,0.2566595159127311,-0.1855872505556822,0.9262599807882204,0.3996475040912628,0.4736775159835815,-0.7848002910614014,0,0,0,-1,-1,peace_right_left
2023-05-08T04:38:01Z,213044.11130725,0.397003173828125,0.476348876953125,-0.772735595703125,213044.08262225,-0.2752497705737785,0.4700838637197072,-0.492854280915066,0.04132438078522682,0.00183365028351545,0.00202221632935106,0.00175032019615173,0.00879114866256713,-5.185604095458984e-6,XArbitraryZVertical,-0.2040058879146442,0.2562591466866372,-0.1856608127407909,0.9264140228694782,0.3990523219108582,0.4731423854827881,-0.7854257225990295,0,0,0,-1,-1,peace_right_left
2023-05-08T04:38:01Z,213044.14498325,0.3930816650390625,0.464691162109375,-0.7850189208984375,213044.14250325,-0.2766176239569406,0.4690861995212278,-0.4908639479881928,0.05469195172190666,0.00758800841867923,0.02172348275780678,-0.00570330023765564,-0.00947394967079162,0.00295519828796386,XArbitraryZVertical,-0.2029858800807273,0.2558628358204698,-0.1860029624784845,0.9266790160091564,0.3986935019493103,0.4713880121707916,-0.7866618633270264,0,0,0,-1,-1,peace_right_left
2023-05-08T04:38:01Z,213044.17868925,0.404083251953125,0.4777679443359375,-0.78790283203125,213044.14250325,-0.2766176239569406,0.4690861995212278,-0.4908639479881928,0.05469195172190666,0.00758800841867923,0.02172348275780678,-0.00570330023765564,-0.00947394967079162,0.00295519828796386,XArbitraryZVertical,-0.2029858800807273,0.2558628358204698,-0.1860029624784845,0.9266790160091564,0.3986935019493103,0.4713880121707916,-0.7866618633270264,0,0,0,-1,-1,peace_right_left
2023-05-08T04:38:01Z,213044.21236425,0.40423583984375,0.4649505615234375,-0.785186767578125,213044.20238425,-0.2785993727827625,0.4685138844922224,-0.4882987231057896,0.0595492348074913,-0.00740119349211454,-0.03327611833810806,0.00198423862457275,0.00171631574630737,-9.1314315795898e-4,XArbitraryZVertical,-0.2015770575250905,0.2557021182705463,-0.1866190224003581,0.9269069635875512,0.3987879157066345,0.4691241085529327,-0.787966251373291,0,0,0,-1,-1,peace_right_left
2023-05-08T04:38:02Z,213044.24604025,0.3966217041015625,0.45294189453125,-0.7877197265625,213044.20238425,-0.2785993727827625,0.4685138844922224,-0.4882987231057896,0.0595492348074913,-0.00740119349211454,-0.03327611833810806,0.00198423862457275,0.00171631574630737,-9.1314315795898e-4,XArbitraryZVertical,-0.2015770575250905,0.2557021182705463,-0.1866190224003581,0.9269069635875512,0.3987879157066345,0.4691241085529327,-0.787966251373291,0,0,0,-1,-1,peace_right_left
2023-05-08T04:38:02Z,213044.27971625,0.3988494873046875,0.472991943359375,-0.7913818359375,213044.26226525,-0.2814702787628909,0.4657586417393259,-0.4869666331581328,0.05537650361657143,-0.01204548124223948,-0.01090929564088583,0.00325089693069458,-0.0065978467464447,-0.00276929140090942,XArbitraryZVertical,-0.200840650342606,0.2546629396034985,-0.1875462534279558,0.9271657077330238,0.3968956768512726,0.4679472744464874,-0.7896196246147156,0,0,0,-1,-1,peace_right_left
2023-05-08T04:38:02Z,213044.31342225,0.397796630859375,0.459991455078125,-0.7846527099609375,213044.26226525,-0.2814702787628909,0.4657586417393259,-0.4869666331581328,0.05537650361657143,-0.01204548124223948,-0.01090929564088583,0.00325089693069458,-0.0065978467464447,-0.00276929140090942,XArbitraryZVertical,-0.200840650342606,0.2546629396034985,-0.1875462534279558,0.9271657077330238,0.3968956768512726,0.4679472744464874,-0.7896196246147156,0,0,0,-1,-1,peace_right_left
2023-05-08T04:38:02Z,213044.3470976667,0.389434814453125,0.460479736328125,-0.789093017578125,213044.32214725,-0.2826103487960082,0.4661023176140994,-0.4832687978919198,0.05226593092083931,-0.02162140980362892,0.01645841263234615,1.2940168380737e-4,-0.0042879581451416,0.0063098669052124,XArbitraryZVertical,-0.1989198128712264,0.2547922740373933,-0.187759694061692,0.9275010525055456,0.3979419469833374,0.4646761119365692,-0.7910236120223999,0,0,0,-1,-1,peace_right_left
2023-05-08T04:38:02Z,213044.3807736667,0.3790740966796875,0.486785888671875,-0.7881317138671875,213044.32214725,-0.2826103487960082,0.4661023176140994,-0.4832687978919198,0.05226593092083931,-0.02162140980362892,0.01645841263234615,1.2940168380737e-4,-0.0042879581451416,0.0063098669052124,XArbitraryZVertical,-0.1989198128712264,0.2547922740373933,-0.187759694061692,0.9275010525055456,0.3979419469833374,0.4646761119365692,-0.7910236120223999,0,0,0,-1,-1,peace_right_left
2023-05-08T04:38:02Z,213044.4144496667,0.3902435302734375,0.466766357421875,-0.78424072265625,213044.3820286667,-0.2840502168964876,0.4647182283472786,-0.4795516804192228,0.1401284337043762,0.02794960513710976,0.02457466349005699,-0.01854392886161804,0.02540439367294312,0.00498056411743164,XArbitraryZVertical,-0.1971134498095683,0.2541459363079309,-0.1879393667826987,0.9280275385304904,0.3976181149482727,0.4613814651966095,-0.7931122779846191,0,0,0,-1,-1,peace_right_left
2023-05-08T04:38:02Z,213044.4481546667,0.38592529296875,0.4554290771484375,-0.79302978515625,213044.4419096667,-0.2873609634076613,0.4634072376545164,-0.4715258887437652,0.1561847031116486,-0.01587397232651711,0.01872183382511139,-0.00864818692207336,0.00193056464195251,0.00762826204299926,XArbitraryZVertical,-0.193028904081119,0.2535350514929373,-0.1885917653100895,0.9289203279678132,0.3982203900814056,0.4542461931705475,-0.7969196438789368,0,0,0,-1,-1,peace_right_left
2023-05-08T04:38:02Z,213044.4818306667,0.390350341796875,0.4744110107421875,-0.8021697998046875,213044.4419096667,-0.2873609634076613,0.4634072376545164,-0.4715258887437652,0.1561847031116486,-0.01587397232651711,0.01872183382511139,-0.00864818692207336,0.00193056464195251,0.00762826204299926,XArbitraryZVertical,-0.193028904081119,0.2535350514929373,-0.1885917653100895,0.9289203279678132,0.3982203900814056,0.4542461931705475,-0.7969196438789368,0,0,0,-1,-1,peace_right_left
2023-05-08T04:38:02Z,213044.5155066667,0.380462646484375,0.448211669921875,-0.80267333984375,213044.5017906667,-0.293530993513243,0.4594219993019,-0.4623696147804768,0.2897131741046906,0.00752662261947989,0.02734488248825073,-0.00783094763755798,0.01431798934936523,-0.00134831666946411,XArbitraryZVertical,-0.188301366034218,0.2518833486237282,-0.19022070868089971,0.9300073255882984,0.3968690931797028,0.4460701644420624,-0.8021947741508484,0,0,0,-1,-1,peace_right_left
2023-05-08T04:38:02Z,213044.5491816667,0.38690185546875,0.42364501953125,-0.805450439453125,213044.5017906667,-0.293530993513243,0.4594219993019,-0.4623696147804768,0.2897131741046906,0.00752662261947989,0.02734488248825073,-0.00783094763755798,0.01431798934936523,-0.00134831666946411,XArbitraryZVertical,-0.188301366034218,0.2518833486237282,-0.19022070868089971,0.9300073255882984,0.3968690931797028,0.4460701644420624,-0.8021947741508484,0,0,0,-1,-1,peace_right_left
2023-05-08T04:38:02Z,213044.5828876667,0.4013671875,0.4333343505859375,-0.81365966796875,213044.5616726667,-0.3002118386219145,0.4586145697753836,-0.4512114176743346,0.262689620256424,0.07581626623868942,0.02701518312096596,-0.011452317237854,-0.01714125275611877,-0.00598406791687011,XArbitraryZVertical,-0.1822615595359977,0.2516282474360668,-0.1922131934733343,0.9308696114097036,0.3984000384807587,0.4360560178756714,-0.8069279193878174,0,0,0,-1,-1,peace_right_left
2023-05-08T04:38:02Z,213044.6165636667,0.3936614990234375,0.408599853515625,-0.8165740966796875,213044.5616726667,-0.3002118386219145,0.4586145697753836,-0.4512114176743346,0.262689620256424,0.07581626623868942,0.02701518312096596,-0.011452317237854,-0.01714125275611877,-0.00598406791687011,XArbitraryZVertical,-0.1822615595359977,0.2516282474360668,-0.1922131934733343,0.9308696114097036,0.3984000384807587,0.4360560178756714,-0.8069279193878174,0,0,0,-1,-1,peace_right_left
2023-05-08T04:38:02Z,213044.6502396667,0.4114532470703125,0.3883514404296875,-0.8069000244140625,213044.6215536667,-0.3066831786770238,0.4597986368236197,-0.4371739296248554,0.2601668238639832,0.1116632744669914,0.04446022212505341,-0.00936236977577209,-0.01604753732681274,-0.00306475162506103,XArbitraryZVertical,-0.1746890140836828,0.2520973293884899,-0.1940196537824784,0.9318193369267552,0.4020321369171143,0.4233808815479279,-0.8118613958358765,0,0,0,-1,-1,peace_right_left
2023-05-08T04:38:02Z,213044.6839146667,0.41754150390625,0.4055938720703125,-0.819854736328125,213044.6814346667,-0.3110620464258178,0.4627799190145944,-0.4257708656503957,0.2066124528646469,0.06492872536182404,0.02449929527938366,0.0121673047542572,-0.01161003112792969,-0.00778174400329589,XArbitraryZVertical,-0.1684453533270596,0.2533040978357887,-0.1952409344652712,0.9323863315221068,0.4065797030925751,0.4130229353904724,-0.8149263858795166,0,0,0,-1,-1,peace_right_left
2023-05-08T04:38:02Z,213044.7176206667,0.4158782958984375,0.388397216796875,-0.8106842041015625,213044.6814346667,-0.3110620464258178,0.4627799190145944,-0.4257708656503957,0.2066124528646469,0.06492872536182404,0.02449929527938366,0.0121673047542572,-0.01161003112792969,-0.00778174400329589,XArbitraryZVertical,-0.1684453533270596,0.2533040978357887,-0.1952409344652712,0.9323863315221068,0.4065797030925751,0.4130229353904724,-0.8149263858795166,0,0,0,-1,-1,peace_right_left
2023-05-08T04:38:02Z,213044.7512966667,0.427337646484375,0.3780517578125,-0.8170623779296875,213044.7413156667,-0.3152553519251316,0.4648194778452989,-0.414482150144579,0.1305550038814545,0.04947919771075249,0.00841167196631431,0.01155492663383484,-0.0265258252620697,3.4022331237792e-4,XArbitraryZVertical,-0.1623648997305016,0.2540314731494772,-0.1962906430184237,0.9330464329765406,0.4103049039840698,0.4027159810066223,-0.8182113170623779,0,0,0,-1,-1,peace_right_left
2023-05-08T04:38:02Z,213044.7849716667,0.4271697998046875,0.3790130615234375,-0.8207855224609375,213044.7413156667,-0.3152553519251316,0.4648194778452989,-0.414482150144579,0.1305550038814545,0.04947919771075249,0.00841167196631431,0.01155492663383484,-0.0265258252620697,3.4022331237792e-4,XArbitraryZVertical,-0.1623648997305016,0.2540314731494772,-0.1962906430184237,0.9330464329765406,0.4103049039840698,0.4027159810066223,-0.8182113170623779,0,0,0,-1,-1,peace_right_left
2023-05-08T04:38:02Z,213044.8186476667,0.42364501953125,0.37774658203125,-0.8249053955078125,213044.8011976667,-0.3179282077858773,0.4661541657890408,-0.4074537783541241,0.128063976764679,0.00636102398857474,0.00945776142179966,0.01377889513969421,-0.01184296607971191,-0.00285738706588745,XArbitraryZVertical,-0.1585621559700115,0.2545043486135121,-0.1969713543227277,0.9334280024474488,0.4126585721969604,0.3962728381156921,-0.8201711773872375,0,0,0,-1,-1,peace_right_left
2023-05-08T04:38:02Z,213044.8523536667,0.420654296875,0.3617706298828125,-0.822601318359375,213044.8011976667,-0.3179282077858773,0.4661541657890408,-0.4074537783541241,0.128063976764679,0.00636102398857474,0.00945776142179966,0.01377889513969421,-0.01184296607971191,-0.00285738706588745,XArbitraryZVertical,-0.1585621559700115,0.2545043486135121,-0.1969713543227277,0.9334280024474488,0.4126585721969604,0.3962728381156921,-0.8201711773872375,0,0,0,-1,-1,peace_right_left
2023-05-08T04:38:02Z,213044.8860286667,0.4212188720703125,0.3686676025390625,-0.829803466796875,213044.8610786667,-0.3190532384592812,0.4677018257968291,-0.400375527265791,0.03911516815423965,0.00564916105940938,0.01451270841062069,0.00933325290679931,-0.02698653936386108,-4.4929981231689e-4,XArbitraryZVertical,-0.154909962305417,0.2549422770733987,-0.1969353705886562,0.9339292658285914,0.4151816070079803,0.3897641897201538,-0.8220146894454956,0,0,0,-1,-1,peace_right_left
2023-05-08T04:38:02Z,213044.9197046667,0.4171600341796875,0.366943359375,-0.82012939453125,213044.8610786667,-0.3190532384592812,0.4677018257968291,-0.400375527265791,0.03911516815423965,0.00564916105940938,0.01451270841062069,0.00933325290679931,-0.02698653936386108,-4.4929981231689e-4,XArbitraryZVertical,-0.154909962305417,0.2549422770733987,-0.1969353705886562,0.9339292658285914,0.4151816070079803,0.3897641897201538,-0.8220146894454956,0,0,0,-1,-1,peace_right_left
2023-05-08T04:38:02Z,213044.9533806667,0.4166412353515625,0.3770294189453125,-0.82440185546875,213044.9209596667,-0.3184158019295454,0.4695620773323852,-0.3963928761467744,0.01564046926796436,0.00399400666356086,0.0111525971442461,-2.4905800819396e-4,-0.01915010809898376,0.00248932838439941,XArbitraryZVertical,-0.1529193181697722,0.2555510341481642,-0.1963941759219735,0.9342049418976364,0.4174091517925262,0.3860934376716614,-0.8226187229156494,0,0,0,-1,-1,peace_right_left
2023-05-08T04:38:02Z,213044.9870856667,0.4127349853515625,0.3701171875,-0.8285369873046875,213044.9808406667,-0.3176619281666493,0.4699832402881165,-0.3934591727019137,-0.01503180805593729,0.00277574360370636,0.01117017399519682,-0.0064624547958374,-0.01343625783920288,-0.00417226552963256,XArbitraryZVertical,-0.1515825446043911,0.2555350432545739,-0.1957878394780816,0.9345543279823536,0.4182667136192322,0.383385568857193,-0.8234491348266602,0,0,0,-1,-1,peace_right_left
2023-05-08T04:38:02Z,213045.0207616667,0.4152679443359375,0.3851318359375,-0.8196563720703125,213044.9808406667,-0.3176619281666493,0.4699832402881165,-0.3934591727019137,-0.01503180805593729,0.00277574360370636,0.01117017399519682,-0.0064624547958374,-0.01343625783920288,-0.00417226552963256,XArbitraryZVertical,-0.1515825446043911,0.2555350432545739,-0.1957878394780816,0.9345543279823536,0.4182667136192322,0.383385568857193,-0.8234491348266602,0,0,0,-1,-1,peace_right_left
2023-05-08T04:38:02Z,213045.0544376667,0.4080352783203125,0.3751373291015625,-0.8184356689453125,213045.0407216667,-0.3168533251044762,0.4707324801497391,-0.3917948622747891,-0.0044414522126317,0.01901037245988846,0.02094264328479767,-0.00503352284431457,-0.00570353865623474,0.00400096178054809,XArbitraryZVertical,-0.1508229331071999,0.2557360361635769,-0.1953037654748678,0.9347234493699436,0.4191723763942719,0.3818478882312775,-0.8237030506134033,0,0,0,-1,-1,peace_right_left
2023-05-08T04:38:02Z,213045.0881126667,0.418548583984375,0.3887786865234375,-0.826568603515625,213045.0407216667,-0.3168533251044762,0.4707324801497391,-0.3917948622747891,-0.0044414522126317,0.01901037245988846,0.02094264328479767,-0.00503352284431457,-0.00570353865623474,0.00400096178054809,XArbitraryZVertical,-0.1508229331071999,0.2557360361635769,-0.1953037654748678,0.9347234493699436,0.4191723763942719,0.3818478882312775,-0.8237030506134033,0,0,0,-1,-1,peace_right_left
2023-05-08T04:38:02Z,213045.1218186667,0.4085693359375,0.374114990234375,-0.82177734375,213045.1006036667,-0.316922624964433,0.4704567483051154,-0.3901768132696925,0.02785970270633698,-0.00116573460400104,0.00244006630964577,0.00333693623542785,0.00300982594490051,-0.00108641386032104,XArbitraryZVertical,-0.1500731286496443,0.2555267671189561,-0.1951568175801413,0.934932077929192,0.4192247688770294,0.3803519308567047,-0.8243682384490967,0,0,0,-1,-1,peace_right_left
2023-05-08T04:38:02Z,213045.1554946667,0.4139862060546875,0.3708648681640625,-0.82513427734375,213045.1006036667,-0.316922624964433,0.4704567483051154,-0.3901768132696925,0.02785970270633698,-0.00116573460400104,0.00244006630964577,0.00333693623542785,0.00300982594490051,-0.00108641386032104,XArbitraryZVertical,-0.1500731286496443,0.2555267671189561,-0.1951568175801413,0.934932077929192,0.4192247688770294,0.3803519308567047,-0.8243682384490967,0,0,0,-1,-1,peace_right_left
2023-05-08T04:38:02Z,213045.1891696667,0.4192047119140625,0.3799591064453125,-0.8298187255859375,213045.1604846667,-0.3170976628653946,0.4710183478102009,-0.3889733842257007,0.02050378546118736,0.01824258267879486,0.01462828926742077,-0.00311642885208129,-0.00643599033355712,4.7385692596435e-4,XArbitraryZVertical,-0.1494248025299818,0.2557386020821309,-0.1951626146182237,0.9349768428607012,0.4198950827121735,0.3792386949062347,-0.8245400190353394,0,0,0,-1,-1,peace_right_left
2023-05-08T04:38:02Z,213045.2228456667,0.4232177734375,0.361968994140625,-0.8099517822265625,213045.2203656667,-0.3176145306245196,0.4729457499692186,-0.3865288272150427,0.05135588347911835,0.05001050233840942,0.00967214629054069,0.00537213683128356,-0.0130077600479126,0.02169555425643921,XArbitraryZVertical,-0.1480102721783321,0.2565481606574933,-0.1953068366930033,0.9349499479147068,0.4219045341014862,0.3769756257534027,-0.8245519995689392,0,0,0,-1,-1,peace_right_left
2023-05-08T04:38:03Z,213045.2565516667,0.42791748046875,0.3612060546875,-0.8283843994140625,213045.2203656667,-0.3176145306245196,0.4729457499692186,-0.3865288272150427,0.05135588347911835,0.05001050233840942,0.00967214629054069,0.00537213683128356,-0.0130077600479126,0.02169555425643921,XArbitraryZVertical,-0.1480102721783321,0.2565481606574933,-0.1953068366930033,0.9349499479147068,0.4219045341014862,0.3769756257534027,-0.8245519995689392,0,0,0,-1,-1,peace_right_left
2023-05-08T04:38:03Z,213045.2902266667,0.4295654296875,0.3623504638671875,-0.8295440673828125,213045.2802466667,-0.3180217807623946,0.473540715172188,-0.3856261196856637,0.0112964678555727,-0.02676057815551758,0.01246873196214437,0.00356695055961608,-0.01166793704032898,-7.445216178894e-4,XArbitraryZVertical,-0.1474714702419861,0.2568082699478203,-0.1954519495415389,0.9349333648963314,0.4225500524044037,0.3761393427848816,-0.8246033787727356,0,0,0,-1,-1,peace_right_left
