loggingTime(txt),accelerometerTimestamp_sinceReboot(s),accelerometerAccelerationX(G),accelerometerAccelerationY(G),accelerometerAccelerationZ(G),motionTimestamp_sinceReboot(s),motionYaw(rad),motionRoll(rad),motionPitch(rad),motionRotationRateX(rad/s),motionRotationRateY(rad/s),motionRotationRateZ(rad/s),motionUserAccelerationX(G),motionUserAccelerationY(G),motionUserAccelerationZ(G),motionAttitudeReferenceFrame(txt),motionQuaternionX(R),motionQuaternionY(R),motionQuaternionZ(R),motionQuaternionW(R),motionGravityX(G),motionGravityY(G),motionGravityZ(G),motionMagneticFieldX(µT),motionMagneticFieldY(µT),motionMagneticFieldZ(µT),motionHeading(°),motionMagneticFieldCalibrationAccuracy(Z),label
2023-05-07T20:53:39Z,207580.0722965,-0.8965911865234375,-0.416900634765625,-0.1920013427734375,207580.0673065,-1.252171372745158,-1.361111266495016,0.4257820982867462,-0.07429328560829163,-0.00314850453287363,0.01024322956800461,0.00382053852081298,-0.01064237952232361,-7.709115743637e-4,XArbitraryZVertical,0.2273182159144589,0.5945946576097337,0.5528838148284525,-0.5376831477607743,-0.8907681703567505,-0.4130331873893738,-0.1895672380924225,0,0,0,-1,-1,takbir
2023-05-07T20:53:39Z,207580.1060015,-0.8915557861328125,-0.3992919921875,-0.1870574951171875,207580.0673065,-1.252171372745158,-1.361111266495016,0.4257820982867462,-0.07429328560829163,-0.00314850453287363,0.01024322956800461,0.00382053852081298,-0.01064237952232361,-7.709115743637e-4,XArbitraryZVertical,0.2273182159144589,0.5945946576097337,0.5528838148284525,-0.5376831477607743,-0.8907681703567505,-0.4130331873893738,-0.1895672380924225,0,0,0,-1,-1,takbir
2023-05-07T20:53:39Z,207580.1396779167,-0.8981781005859375,-0.395172119140625,-0.1946258544921875,207580.1271879167,-1.25204830231935,-1.361252014493195,0.4233467962507385,0.04141004383563995,0.01642646268010139,0.02896818146109581,-0.00144296884536743,0.01861736178398132,0.00450038909912109,XArbitraryZVertical,0.2281647771953742,0.5942352756172878,0.5523445596182074,-0.5382758021045225,-0.8917760848999023,-0.4108140766620636,-0.1896505504846573,0,0,0,-1,-1,takbir
2023-05-07T20:53:39Z,207580.1733529167,-0.894927978515625,-0.4093017578125,-0.188201904296875,207580.1271879167,-1.25204830231935,-1.361252014493195,0.4233467962507385,0.04141004383563995,0.01642646268010139,0.02896818146109581,-0.00144296884536743,0.01861736178398132,0.00450038909912109,XArbitraryZVertical,0.2281647771953742,0.5942352756172878,0.5523445596182074,-0.5382758021045225,-0.8917760848999023,-0.4108140766620636,-0.1896505504846573,0,0,0,-1,-1,takbir
2023-05-07T20:53:39Z,207580.2070289167,-0.9014739990234376,-0.3983612060546875,-0.1893310546875,207580.1870679167,-1.253230232913175,-1.36084695868865,0.4221944495445344,-0.07184027880430222,-0.00404878612607717,-0.00483931694179773,-0.00523829460144043,0.00186520814895629,3.2152235507965e-4,XArbitraryZVertical,0.2288032694100261,0.5937961948209031,0.5524768568969847,-0.538353569172699,-0.8921616077423096,-0.4097631871700287,-0.1901102811098099,0,0,0,-1,-1,takbir
2023-05-07T20:53:39Z,207580.2407339167,-0.8906097412109375,-0.3805084228515625,-0.1894683837890625,207580.1870679167,-1.253230232913175,-1.36084695868865,0.4221944495445344,-0.07184027880430222,-0.00404878612607717,-0.00483931694179773,-0.00523829460144043,0.00186520814895629,3.2152235507965e-4,XArbitraryZVertical,0.2288032694100261,0.5937961948209031,0.5524768568969847,-0.538353569172699,-0.8921616077423096,-0.4097631871700287,-0.1901102811098099,0,0,0,-1,-1,takbir
2023-05-07T20:53:39Z,207580.2744089167,-0.8994598388671875,-0.4085235595703125,-0.191070556640625,207580.2469489167,-1.253290909005835,-1.360594653987423,0.4220980364565055,0.0382351391017437,-9.3308743089437e-4,-0.0186464749276638,0.00148147344589233,0.02989917993545532,0.00162291526794433,XArbitraryZVertical,0.2287849852288254,0.5937049938197284,0.5525026393475502,-0.5384354742596666,-0.8921522498130798,-0.4096752405166626,-0.1903436183929443,0,0,0,-1,-1,takbir
2023-05-07T20:53:39Z,207580.3080849167,-0.88873291015625,-0.4100189208984375,-0.1937713623046875,207580.2469489167,-1.253290909005835,-1.360594653987423,0.4220980364565055,0.0382351391017437,-9.3308743089437e-4,-0.0186464749276638,0.00148147344589233,0.02989917993545532,0.00162291526794433,XArbitraryZVertical,0.2287849852288254,0.5937049938197284,0.5525026393475502,-0.5384354742596666,-0.8921522498130798,-0.4096752405166626,-0.1903436183929443,0,0,0,-1,-1,takbir
2023-05-07T20:53:39Z,207580.3417599167,-0.8915557861328125,-0.3845062255859375,-0.183837890625,207580.3068299167,-1.25480330162957,-1.360015806002241,0.4221428854087527,-0.0581829659640789,-0.02464181184768677,0.02033847384154797,0.00257384777069091,-0.00350713729858398,-0.00428847968578338,XArbitraryZVertical,0.2290583163626115,0.5933836934886366,0.5529849833631041,-0.5381781970165819,-0.8920239806175232,-0.4097161591053009,-0.1908561587333679,0,0,0,-1,-1,takbir
2023-05-07T20:53:39Z,207580.3754659167,-0.8903045654296875,-0.3939208984375,-0.1944427490234375,207580.36671091671,-1.253067039975819,-1.361462420237762,0.4210699433580521,0.05889632925391197,-0.02453282102942467,-0.02920883893966675,0.00944304466247558,0.02343744039535522,3.4099817276e-4,XArbitraryZVertical,0.2293143216797069,0.5937899816089399,0.5521358138568898,-0.5384928747144677,-0.8927286267280579,-0.4087371826171875,-0.1896567940711975,0,0,0,-1,-1,takbir
2023-05-07T20:53:39Z,207580.4091409167,-0.905853271484375,-0.4029693603515625,-0.1961517333984375,207580.36671091671,-1.253067039975819,-1.361462420237762,0.4210699433580521,0.05889632925391197,-0.02453282102942467,-0.02920883893966675,0.00944304466247558,0.02343744039535522,3.4099817276e-4,XArbitraryZVertical,0.2293143216797069,0.5937899816089399,0.5521358138568898,-0.5384928747144677,-0.8927286267280579,-0.4087371826171875,-0.1896567940711975,0,0,0,-1,-1,takbir
2023-05-07T20:53:39Z,207580.4428169167,-0.892822265625,-0.4050445556640625,-0.19757080078125,207580.4265909167,-1.253286149038282,-1.360892770899895,0.4214900967652665,-0.06860557198524475,0.00557241588830947,0.00520878937095403,-0.00712954998016357,-0.00120362639427185,-0.00588485598564147,XArbitraryZVertical,0.2290765038353254,0.5936827359014217,0.5523447860676318,-0.5384981275625822,-0.8924525380134583,-0.4091205894947052,-0.1901295334100723,0,0,0,-1,-1,takbir
2023-05-07T20:53:40Z,207580.4764919167,-0.8979644775390625,-0.3781890869140625,-0.1913299560546875,207580.4265909167,-1.253286149038282,-1.360892770899895,0.4214900967652665,-0.06860557198524475,0.00557241588830947,0.00520878937095403,-0.00712954998016357,-0.00120362639427185,-0.00588485598564147,XArbitraryZVertical,0.2290765038353254,0.5936827359014217,0.5523447860676318,-0.5384981275625822,-0.8924525380134583,-0.4091205894947052,-0.1901295334100723,0,0,0,-1,-1,takbir
2023-05-07T20:53:40Z,207580.5101969167,-0.901092529296875,-0.4069366455078125,-0.19146728515625,207580.4864719167,-1.251940656800053,-1.361429914393298,0.4200238507814401,0.05816199257969856,0.00941162928938865,0.01653521321713924,-0.00348156690597534,0.02887585759162903,-8.3819031715393e-4,XArbitraryZVertical,0.2293332644496583,0.5937330652848753,0.5516249947936658,-0.539070875431438,-0.8931403160095215,-0.4077822268009186,-0.1897746026515961,0,0,0,-1,-1,takbir
2023-05-07T20:53:40Z,207580.5438729167,-0.8960723876953125,-0.39898681640625,-0.1926422119140625,207580.4864719167,-1.251940656800053,-1.361429914393298,0.4200238507814401,0.05816199257969856,0.00941162928938865,0.01653521321713924,-0.00348156690597534,0.02887585759162903,-8.3819031715393e-4,XArbitraryZVertical,0.2293332644496583,0.5937330652848753,0.5516249947936658,-0.539070875431438,-0.8931403160095215,-0.4077822268009186,-0.1897746026515961,0,0,0,-1,-1,takbir
2023-05-07T20:53:40Z,207580.5775479167,-0.8943328857421875,-0.3834075927734375,-0.1873016357421875,207580.5463529167,-1.252756487617667,-1.360967603611356,0.4200052095598297,0.00509489560499787,-0.01585604250431061,-0.00812192913144826,-0.00638478994369506,0.00458210706710815,-0.00278881192207336,XArbitraryZVertical,0.2294543182244235,0.5935117325593271,0.5518941365720925,-0.53898763475231,-0.8930599689483643,-0.4077652096748352,-0.1901890784502029,0,0,0,-1,-1,takbir
2023-05-07T20:53:40Z,207580.6112239167,-0.8950958251953125,-0.411041259765625,-0.190338134765625,207580.6062339167,-1.247283384196306,-1.362456948891994,0.4210854209086609,0.03447481244802475,0.02962189167737961,-0.02016953751444817,-0.00453513860702514,0.01515078544616699,7.6401233673095e-4,XArbitraryZVertical,0.2278646303692274,0.5947217318633712,0.550466168910309,-0.5397877847942956,-0.8929105997085571,-0.4087513089179993,-0.1887675374746323,0,0,0,-1,-1,takbir
2023-05-07T20:53:40Z,207580.6449289167,-0.8936004638671875,-0.40887451171875,-0.191314697265625,207580.6062339167,-1.247283384196306,-1.362456948891994,0.4210854209086609,0.03447481244802475,0.02962189167737961,-0.02016953751444817,-0.00453513860702514,0.01515078544616699,7.6401233673095e-4,XArbitraryZVertical,0.2278646303692274,0.5947217318633712,0.550466168910309,-0.5397877847942956,-0.8929105997085571,-0.4087513089179993,-0.1887675374746323,0,0,0,-1,-1,takbir
2023-05-07T20:53:40Z,207580.6786039167,-0.8855438232421875,-0.3956298828125,-0.19635009765625,207580.6661139167,-1.250781525507284,-1.360284218600689,0.4207929841214887,-0.03159346058964729,0.01683119684457779,0.01758183538913727,-0.00318259000778198,0.00582018494606018,-0.00183378159999847,XArbitraryZVertical,0.2284067249425379,0.593687050331264,0.5515987961545749,-0.5395413264702549,-0.8926151394844055,-0.4084843993186951,-0.1907321065664291,0,0,0,-1,-1,takbir
2023-05-07T20:53:40Z,207580.7122799167,-0.893768310546875,-0.3889923095703125,-0.1791229248046875,207580.6661139167,-1.250781525507284,-1.360284218600689,0.4207929841214887,-0.03159346058964729,0.01683119684457779,0.01758183538913727,-0.00318259000778198,0.00582018494606018,-0.00183378159999847,XArbitraryZVertical,0.2284067249425379,0.593687050331264,0.5515987961545749,-0.5395413264702549,-0.8926151394844055,-0.4084843993186951,-0.1907321065664291,0,0,0,-1,-1,takbir
2023-05-07T20:53:40Z,207580.7459549167,-0.8973236083984375,-0.4133758544921875,-0.1891632080078125,207580.7259949167,-1.248602226871202,-1.360829092859475,0.4209168867147231,0.02780455909669399,0.03484934568405151,-0.02367665432393551,-0.0041811466217041,0.01728582382202148,0.01015093922615051,XArbitraryZVertical,0.2278668409420292,0.5941036323250298,0.5509735311629889,-0.5399497151005682,-0.8926693797111511,-0.408597469329834,-0.1902351528406143,0,0,0,-1,-1,takbir
2023-05-07T20:53:40Z,207580.7796609167,-0.8885498046875,-0.3958740234375,-0.1999359130859375,207580.7259949167,-1.248602226871202,-1.360829092859475,0.4209168867147231,0.02780455909669399,0.03484934568405151,-0.02367665432393551,-0.0041811466217041,0.01728582382202148,0.01015093922615051,XArbitraryZVertical,0.2278668409420292,0.5941036323250298,0.5509735311629889,-0.5399497151005682,-0.8926693797111511,-0.408597469329834,-0.1902351528406143,0,0,0,-1,-1,takbir
2023-05-07T20:53:40Z,207580.8133359167,-0.902801513671875,-0.3905487060546875,-0.1841888427734375,207580.7858759167,-1.247979490387632,-1.360219976934598,0.4209741713445845,0.05557867884635925,-0.0113027710467577,0.04031750932335854,0.00341618061065673,0.01265358924865723,-0.01004689931869507,XArbitraryZVertical,0.2274941451546371,0.5940197082451988,0.5508862801932487,-0.5402883010263564,-0.892530620098114,-0.4086497724056244,-0.190773993730545,0,0,0,-1,-1,takbir
2023-05-07T20:53:40Z,207580.8470109167,-0.8905487060546875,-0.4089813232421875,-0.2008209228515625,207580.7858759167,-1.247979490387632,-1.360219976934598,0.4209741713445845,0.05557867884635925,-0.0113027710467577,0.04031750932335854,0.00341618061065673,0.01265358924865723,-0.01004689931869507,XArbitraryZVertical,0.2274941451546371,0.5940197082451988,0.5508862801932487,-0.5402883010263564,-0.892530620098114,-0.4086497724056244,-0.190773993730545,0,0,0,-1,-1,takbir
2023-05-07T20:53:40Z,207580.8806869167,-0.8949432373046875,-0.3983612060546875,-0.1950836181640625,207580.8457559167,-1.246092252949997,-1.360119470785247,0.4212038748641558,-0.04071342945098877,-0.00793993100523948,-0.01285729557275772,3.7544965744018e-4,-0.00202932953834533,-0.00347661972045898,XArbitraryZVertical,0.2268261278069117,0.5942456333214917,0.5504340798425791,-0.5407813839527223,-0.8924196362495422,-0.4088594019412994,-0.1908440738916397,0,0,0,-1,-1,takbir
2023-05-07T20:53:40Z,207580.9143919167,-0.8892059326171875,-0.4017181396484375,-0.182708740234375,207580.9056369167,-1.248815963057086,-1.359040941552982,0.4208628177028655,0.01518974173814058,-0.00218437332659959,-0.00756825786083936,-1.9812583923339e-4,0.00492256879806518,0.00406110286712646,XArbitraryZVertical,0.2274562565736588,0.5935872046913842,0.5512238932213782,-0.5404352755380292,-0.8923496007919312,-0.40854811668396,-0.1918357610702515,0,0,0,-1,-1,takbir
2023-05-07T20:53:40Z,207580.9480679167,-0.902679443359375,-0.40032958984375,-0.191864013671875,207580.9056369167,-1.248815963057086,-1.359040941552982,0.4208628177028655,0.01518974173814058,-0.00218437332659959,-0.00756825786083936,-1.9812583923339e-4,0.00492256879806518,0.00406110286712646,XArbitraryZVertical,0.2274562565736588,0.5935872046913842,0.5512238932213782,-0.5404352755380292,-0.8923496007919312,-0.40854811668396,-0.1918357610702515,0,0,0,-1,-1,takbir
2023-05-07T20:53:40Z,207580.9817429167,-0.891845703125,-0.4250946044921875,-0.2020263671875,207580.9655179167,-1.247237965689479,-1.358260780745132,0.4228493035144334,-0.00995906628668308,6.7020207643508e-4,-0.01442643068730831,-0.00793331861495971,-0.00260344147682189,-0.0025249570608139,XArbitraryZVertical,0.2260832551535892,0.5938907465358368,0.5512865398494505,-0.5406138711764518,-0.8914044499397278,-0.4103604555130005,-0.1923602819442749,0,0,0,-1,-1,takbir
2023-05-07T20:53:40Z,207581.0154179167,-0.900360107421875,-0.4058074951171875,-0.189849853515625,207580.9655179167,-1.247237965689479,-1.358260780745132,0.4228493035144334,-0.00995906628668308,6.7020207643508e-4,-0.01442643068730831,-0.00793331861495971,-0.00260344147682189,-0.0025249570608139,XArbitraryZVertical,0.2260832551535892,0.5938907465358368,0.5512865398494505,-0.5406138711764518,-0.8914044499397278,-0.4103604555130005,-0.1923602819442749,0,0,0,-1,-1,takbir
2023-05-07T20:53:40Z,207581.0491239167,-0.8905487060546875,-0.406402587890625,-0.18585205078125,207581.0253989167,-1.249678874625051,-1.358383258557956,0.4222455494770668,-0.03491451218724251,-0.00402574986219406,-0.00642975699156522,-0.00888842344284057,0.00456687808036804,0.00423875451087951,XArbitraryZVertical,0.2270512415559989,0.5935453510658949,0.5518104665082247,-0.5400526832302697,-0.8916700482368469,-0.409809798002243,-0.1923032999038696,0,0,0,-1,-1,takbir
2023-05-07T20:53:40Z,207581.0827989167,-0.8850555419921875,-0.4071807861328125,-0.1919403076171875,207581.0253989167,-1.249678874625051,-1.358383258557956,0.4222455494770668,-0.03491451218724251,-0.00402574986219406,-0.00642975699156522,-0.00888842344284057,0.00456687808036804,0.00423875451087951,XArbitraryZVertical,0.2270512415559989,0.5935453510658949,0.5518104665082247,-0.5400526832302697,-0.8916700482368469,-0.409809798002243,-0.1923032999038696,0,0,0,-1,-1,takbir
2023-05-07T20:53:40Z,207581.1164755,-0.8863067626953125,-0.4050750732421875,-0.1939849853515625,207581.0852789167,-1.253013895427361,-1.356969789593102,0.4229209835669785,-0.04297536984086037,-0.00518102850764989,-0.00393437454476952,0.00448417663574218,0.00434353947639465,0.00185427069664001,XArbitraryZVertical,0.22741560406023761,0.5928994730735937,0.5530068275256428,-0.5393849001338413,-0.891126811504364,-0.4104258418083191,-0.1935047209262848,0,0,0,-1,-1,takbir
2023-05-07T20:53:40Z,207581.1501505,-0.8880615234375,-0.4142913818359375,-0.1870880126953125,207581.1451605,-1.251618551036396,-1.358055005414762,0.4233720680121733,0.02748465351760387,-0.00269470177590847,-0.01782515645027161,0.00637412071228027,0.00510585308074951,0.00699728727340698,XArbitraryZVertical,0.2271452761492292,0.5934271852739028,0.5525977760640762,-0.5393375615945561,-0.8911550641059875,-0.4108371138572693,-0.1924984008073807,0,0,0,-1,-1,takbir
2023-05-07T20:53:40Z,207581.1838555,-0.89068603515625,-0.409637451171875,-0.1975860595703125,207581.1451605,-1.251618551036396,-1.358055005414762,0.4233720680121733,0.02748465351760387,-0.00269470177590847,-0.01782515645027161,0.00637412071228027,0.00510585308074951,0.00699728727340698,XArbitraryZVertical,0.2271452761492292,0.5934271852739028,0.5525977760640762,-0.5393375615945561,-0.8911550641059875,-0.4108371138572693,-0.1924984008073807,0,0,0,-1,-1,takbir
2023-05-07T20:53:40Z,207581.2175315,-0.88262939453125,-0.407928466796875,-0.1973876953125,207581.2050415,-1.253014033675986,-1.357336262566877,0.4229778323321175,-0.0401412770152092,-0.00532703660428524,0.00352567201480269,0.00505101680755615,0.00642493367195129,-0.0061676800251007,XArbitraryZVertical,0.2274973318435876,0.5930079202370417,0.5529765879250088,-0.5392619856153184,-0.8911746740341187,-0.4104776680469513,-0.1931731402873993,0,0,0,-1,-1,takbir
2023-05-07T20:53:40Z,207581.2512065,-0.8949432373046875,-0.403900146484375,-0.18145751953125,207581.2050415,-1.253014033675986,-1.357336262566877,0.4229778323321175,-0.0401412770152092,-0.00532703660428524,0.00352567201480269,0.00505101680755615,0.00642493367195129,-0.0061676800251007,XArbitraryZVertical,0.2274973318435876,0.5930079202370417,0.5529765879250088,-0.5392619856153184,-0.8911746740341187,-0.4104776680469513,-0.1931731402873993,0,0,0,-1,-1,takbir
2023-05-07T20:53:40Z,207581.2848815,-0.8863372802734375,-0.403717041015625,-0.1964874267578125,207581.2649215,-1.255125657238685,-1.356649319476713,0.421599076063241,-0.02173152565956116,0.01790384948253632,0.00953642651438713,-0.00397491455078125,0.00541138648986816,0.01455360651016235,XArbitraryZVertical,0.2284111942593934,0.5923475563799071,0.5533476400462193,-0.5392209778594861,-0.8915940523147583,-0.4092200398445129,-0.1939053982496262,0,0,0,-1,-1,takbir
2023-05-07T20:53:40Z,207581.3185875,-0.897491455078125,-0.399993896484375,-0.186737060546875,207581.2649215,-1.255125657238685,-1.356649319476713,0.421599076063241,-0.02173152565956116,0.01790384948253632,0.00953642651438713,-0.00397491455078125,0.00541138648986816,0.01455360651016235,XArbitraryZVertical,0.2284111942593934,0.5923475563799071,0.5533476400462193,-0.5392209778594861,-0.8915940523147583,-0.4092200398445129,-0.1939053982496262,0,0,0,-1,-1,takbir
2023-05-07T20:53:40Z,207581.3522625,-0.8923797607421875,-0.4205474853515625,-0.1855316162109375,207581.3248025,-1.255456660845878,-1.356392948056323,0.4215240156412325,0.00247977534309029,0.00493145966902375,-0.00480522867292165,-0.0057951807975769,0.00969168543815612,0.00673206150531768,XArbitraryZVertical,0.2284643554364885,0.5922278277409956,0.5534511128602794,-0.5392236337668858,-0.8915742039680481,-0.409151554107666,-0.1941404789686203,0,0,0,-1,-1,takbir
2023-05-07T20:53:40Z,207581.3859385,-0.88824462890625,-0.4001617431640625,-0.201019287109375,207581.3248025,-1.255456660845878,-1.356392948056323,0.4215240156412325,0.00247977534309029,0.00493145966902375,-0.00480522867292165,-0.0057951807975769,0.00969168543815612,0.00673206150531768,XArbitraryZVertical,0.2284643554364885,0.5922278277409956,0.5534511128602794,-0.5392236337668858,-0.8915742039680481,-0.409151554107666,-0.1941404789686203,0,0,0,-1,-1,takbir
2023-05-07T20:53:40Z,207581.4196135,-0.88873291015625,-0.41021728515625,-0.1961822509765625,207581.3846835,-1.254519833370021,-1.355990405274949,0.4207482854837709,0.02208475396037102,0.02420222759246826,0.02024526335299015,-0.00246608257293701,0.00683212280273437,0.00168058276176452,XArbitraryZVertical,0.2283445484384303,0.5920939767575235,0.5530888313881059,-0.5397929203981675,-0.89180588722229,-0.4084435999393463,-0.1945669800043106,0,0,0,-1,-1,takbir
2023-05-07T20:53:40Z,207581.4533185,-0.896728515625,-0.409027099609375,-0.1898193359375,207581.4445635,-1.25645020720112,-1.355162425973251,0.4192711281632917,-0.07704820483922958,0.00530929584056139,0.03685672953724861,-0.00473976135253906,-0.00557920336723327,0.00355488061904907,XArbitraryZVertical,0.2291987582631636,0.5913973540768804,0.5534084076388931,-0.5398670522587518,-0.8922329545021057,-0.407094806432724,-0.1954341977834702,0,0,0,-1,-1,takbir
2023-05-07T20:53:41Z,207581.4869945,-0.8943023681640625,-0.3809661865234375,-0.2024383544921875,207581.4445635,-1.25645020720112,-1.355162425973251,0.4192711281632917,-0.07704820483922958,0.00530929584056139,0.03685672953724861,-0.00473976135253906,-0.00557920336723327,0.00355488061904907,XArbitraryZVertical,0.2291987582631636,0.5913973540768804,0.5534084076388931,-0.5398670522587518,-0.8922329545021057,-0.407094806432724,-0.1954341977834702,0,0,0,-1,-1,takbir
2023-05-07T20:53:41Z,207581.5206695,-0.8909149169921875,-0.398162841796875,-0.197174072265625,207581.5044445,-1.257152521297325,-1.35355608663965,0.4177238588616061,-0.00676936842501163,0.00587668223306536,0.00811509788036346,0.00451600551605224,0.02024400234222412,-0.00781601667404174,XArbitraryZVertical,0.2294981201893448,0.590617702375899,0.5534723297002395,-0.5405273731645432,-0.8925318121910095,-0.4056810736656189,-0.1970026791095734,0,0,0,-1,-1,takbir
2023-05-07T20:53:41Z,207581.5543455,-0.900787353515625,-0.405120849609375,-0.198638916015625,207581.5044445,-1.257152521297325,-1.35355608663965,0.4177238588616061,-0.00676936842501163,0.00587668223306536,0.00811509788036346,0.00451600551605224,0.02024400234222412,-0.00781601667404174,XArbitraryZVertical,0.2294981201893448,0.590617702375899,0.5534723297002395,-0.5405273731645432,-0.8925318121910095,-0.4056810736656189,-0.1970026791095734,0,0,0,-1,-1,takbir
2023-05-07T20:53:41Z,207581.5880505,-0.8963623046875,-0.3860321044921875,-0.1981658935546875,207581.5643255,-1.259241142366087,-1.352531503742229,0.4174966823300459,-0.03116447106003761,-0.00574142392724752,0.0078437216579914,-0.00813913345336914,-3.1885504722595e-4,-0.0014495849609375,XArbitraryZVertical,0.2299096605687188,0.5900619022173138,0.5541089185948078,-0.5403072196604625,-0.8924193978309631,-0.4054734408855438,-0.1979369968175888,0,0,0,-1,-1,takbir
2023-05-07T20:53:41Z,207581.6217255,-0.8922882080078125,-0.3952484130859375,-0.20062255859375,207581.5643255,-1.259241142366087,-1.352531503742229,0.4174966823300459,-0.03116447106003761,-0.00574142392724752,0.0078437216579914,-0.00813913345336914,-3.1885504722595e-4,-0.0014495849609375,XArbitraryZVertical,0.2299096605687188,0.5900619022173138,0.5541089185948078,-0.5403072196604625,-0.8924193978309631,-0.4054734408855438,-0.1979369968175888,0,0,0,-1,-1,takbir
2023-05-07T20:53:41Z,207581.6554015,-0.8964996337890625,-0.4056243896484375,-0.2020416259765625,207581.6242055,-1.258218692381787,-1.352364961708714,0.4171268868163561,0.01770425215363503,0.0137238185852766,0.00386016489937901,9.191036224365234e-5,0.01458653807640076,-0.00325211882591247,XArbitraryZVertical,0.2296899847751957,0.5900707126258685,0.5537777977502154,-0.5407304849215788,-0.8925328850746155,-0.4051353633403778,-0.1981181353330612,0,0,0,-1,-1,takbir
2023-05-07T20:53:41Z,207581.6890765,-0.895050048828125,-0.3952178955078125,-0.201446533203125,207581.6840865,-1.259377319072581,-1.351877822272811,0.4162449772821366,-0.00247434084303677,-0.00639236718416214,0.0317184291779995,-0.00601917505264282,-3.03715467453e-4,-0.00566953420639038,XArbitraryZVertical,0.2302024507164898,0.5896538238027839,0.5539707253837767,-0.5407696476834408,-0.892784595489502,-0.4043289124965668,-0.1986303925514221,0,0,0,-1,-1,takbir
2023-05-07T20:53:41Z,207581.7227815,-0.8921051025390625,-0.3840789794921875,-0.1986541748046875,207581.6840865,-1.259377319072581,-1.351877822272811,0.4162449772821366,-0.00247434084303677,-0.00639236718416214,0.0317184291779995,-0.00601917505264282,-3.03715467453e-4,-0.00566953420639038,XArbitraryZVertical,0.2302024507164898,0.5896538238027839,0.5539707253837767,-0.5407696476834408,-0.892784595489502,-0.4043289124965668,-0.1986303925514221,0,0,0,-1,-1,takbir
2023-05-07T20:53:41Z,207581.7564575,-0.8950042724609375,-0.398956298828125,-0.204986572265625,207581.7439675,-1.25824014855866,-1.351926494426255,0.4162975284147084,-0.01142884977161884,0.01477130688726902,-0.00933340098708868,0.00106507539749145,0.01155465841293335,-0.00329148769378662,XArbitraryZVertical,0.2298624165317384,0.5898068387302455,0.5536680796200661,-0.5410572619184935,-0.8927735090255737,-0.4043769836425781,-0.1985823214054108,0,0,0,-1,-1,takbir
2023-05-07T20:53:41Z,207581.7901325,-0.8915252685546875,-0.4033355712890625,-0.201385498046875,207581.7439675,-1.25824014855866,-1.351926494426255,0.4162975284147084,-0.01142884977161884,0.01477130688726902,-0.00933340098708868,0.00106507539749145,0.01155465841293335,-0.00329148769378662,XArbitraryZVertical,0.2298624165317384,0.5898068387302455,0.5536680796200661,-0.5410572619184935,-0.8927735090255737,-0.4043769836425781,-0.1985823214054108,0,0,0,-1,-1,takbir
2023-05-07T20:53:41Z,207581.8238075,-0.89068603515625,-0.3823089599609375,-0.1983642578125,207581.8038475,-1.259668391776434,-1.351402934480709,0.4157613311514328,0.00656377663835883,0.00415414990857243,0.00413526967167854,0.0022405982017517,0.00239720940589904,2.7483701705932e-4,XArbitraryZVertical,0.2303243019916773,0.5894084110645775,0.5540074441603273,-0.5409476389929065,-0.892880916595459,-0.4038865268230438,-0.19909688830375671,0,0,0,-1,-1,takbir
2023-05-07T20:53:41Z,207581.8575135,-0.8942108154296875,-0.4040679931640625,-0.196533203125,207581.8038475,-1.259668391776434,-1.351402934480709,0.4157613311514328,0.00656377663835883,0.00415414990857243,0.00413526967167854,0.0022405982017517,0.00239720940589904,2.7483701705932e-4,XArbitraryZVertical,0.2303243019916773,0.5894084110645775,0.5540074441603273,-0.5409476389929065,-0.892880916595459,-0.4038865268230438,-0.19909688830375671,0,0,0,-1,-1,takbir
2023-05-07T20:53:41Z,207581.8911885,-0.8909912109375,-0.4166107177734375,-0.2037200927734375,207581.8637285,-1.258100724135775,-1.350952926565899,0.416427377598969,-0.01654547825455666,0.02285433374345303,0.00505113042891025,-0.0010262131690979,0.00267073512077331,0.0026931315660476598,XArbitraryZVertical,0.2295067683953034,0.5895817763160117,0.5537681208823038,-0.541351025819038,-0.8925284743309021,-0.4044957458972931,-0.1994399428367615,0,0,0,-1,-1,takbir
2023-05-07T20:53:41Z,207581.9248635,-0.8968048095703125,-0.382598876953125,-0.19781494140625,207581.8637285,-1.258100724135775,-1.350952926565899,0.416427377598969,-0.01654547825455666,0.02285433374345303,0.00505113042891025,-0.0010262131690979,0.00267073512077331,0.0026931315660476598,XArbitraryZVertical,0.2295067683953034,0.5895817763160117,0.5537681208823038,-0.541351025819038,-0.8925284743309021,-0.4044957458972931,-0.1994399428367615,0,0,0,-1,-1,takbir
2023-05-07T20:53:41Z,207581.9585395,-0.89361572265625,-0.3957061767578125,-0.2024078369140625,207581.9236085,-1.259369121870217,-1.350848293697672,0.414251340032707,0.05162070319056511,0.00914264936000108,0.03019776195287704,-2.2071599960327e-4,0.01090309023857117,7.3504447937011e-4,XArbitraryZVertical,0.2306057422018501,0.5890318598650502,0.5536884800621308,-0.541564146465015,-0.8933645486831665,-0.4025047123432159,-0.1997249126434326,0,0,0,-1,-1,takbir
2023-05-07T20:53:41Z,207581.9922445,-0.8975677490234375,-0.394927978515625,-0.20361328125,207581.9834895,-1.257086692851241,-1.351881166832485,0.413725196246188,-0.00991124752908945,-0.01160377450287342,-0.00640925019979476,-0.00372987985610961,0.00395172834396362,6.3636898994445e-4,XArbitraryZVertical,0.2304014060913503,0.5894838358102078,0.5528457620782975,-0.5420198508238924,-0.8937767744064331,-0.4020230174064636,-0.1988479942083359,0,0,0,-1,-1,takbir
2023-05-07T20:53:41Z,207582.0259205,-0.8945770263671875,-0.38873291015625,-0.201171875,207581.9834895,-1.257086692851241,-1.351881166832485,0.413725196246188,-0.00991124752908945,-0.01160377450287342,-0.00640925019979476,-0.00372987985610961,0.00395172834396362,6.3636898994445e-4,XArbitraryZVertical,0.2304014060913503,0.5894838358102078,0.5528457620782975,-0.5420198508238924,-0.8937767744064331,-0.4020230174064636,-0.1988479942083359,0,0,0,-1,-1,takbir
2023-05-07T20:53:41Z,207582.0595955,-0.895660400390625,-0.391204833984375,-0.194091796875,207582.0433705,-1.256855132950501,-1.353078685312549,0.4135309278297656,0.00589138781651854,-0.00262013357132673,0.00675422232598066,-0.00337034463882446,0.01624020934104919,8.6307525634765625e-05,XArbitraryZVertical,0.2307313348141322,0.5898015155803001,0.5526059906331167,-0.541778553650385,-0.8940906524658203,-0.4018451273441315,-0.1977944523096085,0,0,0,-1,-1,takbir
2023-05-07T20:53:41Z,207582.0932705,-0.8990936279296875,-0.40924072265625,-0.1992034912109375,207582.0433705,-1.256855132950501,-1.353078685312549,0.4135309278297656,0.00589138781651854,-0.00262013357132673,0.00675422232598066,-0.00337034463882446,0.01624020934104919,8.6307525634765625e-05,XArbitraryZVertical,0.2307313348141322,0.5898015155803001,0.5526059906331167,-0.541778553650385,-0.8940906524658203,-0.4018451273441315,-0.1977944523096085,0,0,0,-1,-1,takbir
2023-05-07T20:53:41Z,207582.1269754167,-0.8926544189453125,-0.39337158203125,-0.1972808837890625,207582.1032505,-1.259578054426686,-1.351809184471197,0.4130961750451155,-0.03985671699047089,-0.00645841378718614,-0.00889158248901367,-0.00422996282577514,-0.00724449753761291,-5.1087141036987e-4,XArbitraryZVertical,0.2313334139218116,0.5890680952719939,0.553402873213566,-0.5415062380672783,-0.8940092325210571,-0.4014469683170319,-0.1989672631025314,0,0,0,-1,-1,takbir
2023-05-07T20:53:41Z,207582.1606504167,-0.9073638916015624,-0.3920440673828125,-0.1919403076171875,207582.1032505,-1.259578054426686,-1.351809184471197,0.4130961750451155,-0.03985671699047089,-0.00645841378718614,-0.00889158248901367,-0.00422996282577514,-0.00724449753761291,-5.1087141036987e-4,XArbitraryZVertical,0.2313334139218116,0.5890680952719939,0.553402873213566,-0.5415062380672783,-0.8940092325210571,-0.4014469683170319,-0.1989672631025314,0,0,0,-1,-1,takbir
2023-05-07T20:53:41Z,207582.1943254167,-0.9001007080078125,-0.3941497802734375,-0.204864501953125,207582.1631304167,-1.258395592246819,-1.351582691409847,0.4128385193244624,-0.00608156248927116,0.02013178542256355,0.00309397373348474,-0.01010972261428833,0.00931945443153381,0.02536410093307495,XArbitraryZVertical,0.2310116878969517,0.5890988669545468,0.5530571383746604,-0.5419632348533061,-0.8940652012825012,-0.4012109935283661,-0.1991922557353973,0,0,0,-1,-1,takbir
2023-05-07T20:53:41Z,207582.2280014167,-0.894317626953125,-0.393829345703125,-0.2016143798828125,207582.2230114167,-1.25733435356332,-1.352192585945878,0.4125601876705952,0.02687106095254421,-0.03377112746238708,0.00740403309464454,0.0053945779800415,0.01838758587837219,-0.00491160154342651,XArbitraryZVertical,0.2309640760140219,0.5893386411589249,0.5526432448111533,-0.5421449554378865,-0.8942953944206238,-0.4009560346603394,-0.1986711174249649,0,0,0,-1,-1,takbir
2023-05-07T20:53:41Z,207582.2617064167,-0.9022064208984376,-0.38970947265625,-0.1771392822265625,207582.2230114167,-1.25733435356332,-1.352192585945878,0.4125601876705952,0.02687106095254421,-0.03377112746238708,0.00740403309464454,0.0053945779800415,0.01838758587837219,-0.00491160154342651,XArbitraryZVertical,0.2309640760140219,0.5893386411589249,0.5526432448111533,-0.5421449554378865,-0.8942953944206238,-0.4009560346603394,-0.1986711174249649,0,0,0,-1,-1,takbir
2023-05-07T20:53:41Z,207582.2953814167,-0.882965087890625,-0.4044342041015625,-0.2110748291015625,207582.2828914167,-1.258089092784789,-1.350295466679417,0.4132073374181767,-0.01103109121322632,-0.02545494213700294,-0.03627873212099075,0.00251972675323486,0.03187403082847595,0.01461106538772583,XArbitraryZVertical,0.2304376413797307,0.5888490579262687,0.5531964334304972,-0.5423367624005756,-0.8936635255813599,-0.4015488028526306,-0.2003105580806732,0,0,0,-1,-1,takbir
2023-05-07T20:53:41Z,207582.3290574167,-0.8947296142578125,-0.405731201171875,-0.205963134765625,207582.2828914167,-1.258089092784789,-1.350295466679417,0.4132073374181767,-0.01103109121322632,-0.02545494213700294,-0.03627873212099075,0.00251972675323486,0.03187403082847595,0.01461106538772583,XArbitraryZVertical,0.2304376413797307,0.5888490579262687,0.5531964334304972,-0.5423367624005756,-0.8936635255813599,-0.4015488028526306,-0.2003105580806732,0,0,0,-1,-1,takbir
