loggingTime(txt),accelerometerTimestamp_sinceReboot(s),accelerometerAccelerationX(G),accelerometerAccelerationY(G),accelerometerAccelerationZ(G),motionTimestamp_sinceReboot(s),motionYaw(rad),motionRoll(rad),motionPitch(rad),motionRotationRateX(rad/s),motionRotationRateY(rad/s),motionRotationRateZ(rad/s),motionUserAccelerationX(G),motionUserAccelerationY(G),motionUserAccelerationZ(G),motionAttitudeReferenceFrame(txt),motionQuaternionX(R),motionQuaternionY(R),motionQuaternionZ(R),motionQuaternionW(R),motionGravityX(G),motionGravityY(G),motionGravityZ(G),motionMagneticFieldX(µT),motionMagneticFieldY(µT),motionMagneticFieldZ(µT),motionHeading(°),motionMagneticFieldCalibrationAccuracy(Z),label
2023-05-08T04:36:25Z,212990.9887602917,0.47088623046875,0.3642578125,-0.799072265625,212990.9575642917,-0.245340214708097,0.5360188415014876,-0.3730463518880465,-0.01278476603329182,-0.00161773990839719,-0.01005122438073158,0.0010479986667633,-0.00106590986251831,0.00238341093063354,XArbitraryZVertical,-0.1456382550033186,0.2801450927194711,-0.1646864203085326,0.9344445998070235,0.475590854883194,0.3644539415836334,-0.800616443157196,0,0,0,-1,-1,tashahhud
2023-05-08T04:36:25Z,212991.0224352917,0.48046875,0.3757476806640625,-0.7948150634765625,212991.0174452917,-0.2448382199311615,0.5366688566116448,-0.3734417697789814,0.00259418995119631,0.00839334912598133,0.00734720658510923,0.00104391574859619,0.00473040342330932,0.003415048122406,XArbitraryZVertical,-0.1458422229477423,0.2804254669527795,-0.1645460360045749,0.9343533595199612,0.4760374426841736,0.3648221492767334,-0.8001832365989685,0,0,0,-1,-1,tashahhud
2023-05-08T04:36:25Z,212991.0561112917,0.4772491455078125,0.353179931640625,-0.7981109619140625,212991.0174452917,-0.2448382199311615,0.5366688566116448,-0.3734417697789814,0.00259418995119631,0.00839334912598133,0.00734720658510923,0.00104391574859619,0.00473040342330932,0.003415048122406,XArbitraryZVertical,-0.1458422229477423,0.2804254669527795,-0.1645460360045749,0.9343533595199612,0.4760374426841736,0.3648221492767334,-0.8001832365989685,0,0,0,-1,-1,tashahhud
2023-05-08T04:36:25Z,212991.0897872917,0.4735870361328125,0.3652496337890625,-0.7979278564453125,212991.0773272917,-0.2449641085648167,0.5362719651567767,-0.3743014565624522,-0.02409112639725208,-0.00836632400751113,-0.00937131978571414,8.2010030746459e-4,-0.01047414541244507,-2.288818359375e-5,XArbitraryZVertical,-0.1462640273931376,0.2802779587101433,-0.1646775382819184,0.9343085791613378,0.475559413433075,0.3656224310398102,-0.800102174282074,0,0,0,-1,-1,tashahhud
2023-05-08T04:36:25Z,212991.1234932917,0.468292236328125,0.3674468994140625,-0.793548583984375,212991.0773272917,-0.2449641085648167,0.5362719651567767,-0.3743014565624522,-0.02409112639725208,-0.00836632400751113,-0.00937131978571414,8.2010030746459e-4,-0.01047414541244507,-2.288818359375e-5,XArbitraryZVertical,-0.1462640273931376,0.2802779587101433,-0.1646775382819184,0.9343085791613378,0.475559413433075,0.3656224310398102,-0.800102174282074,0,0,0,-1,-1,tashahhud
2023-05-08T04:36:25Z,212991.1571682917,0.4863433837890625,0.369720458984375,-0.795440673828125,212991.1372082917,-0.2434629639976301,0.5378643003101145,-0.37536399229122003,-0.01656698808073997,0.01826648600399494,0.0115446150302887,-0.00770032405853271,-8.2755088806152e-4,0.00576645135879516,XArbitraryZVertical,-0.1468464311398729,0.2809469824733459,-0.1642188740675338,0.9340969542728408,0.4766335189342499,0.3666112124919891,-0.7990098595619202,0,0,0,-1,-1,tashahhud
2023-05-08T04:36:25Z,212991.1908442917,0.475860595703125,0.3531494140625,-0.7990570068359375,212991.1372082917,-0.2434629639976301,0.5378643003101145,-0.37536399229122003,-0.01656698808073997,0.01826648600399494,0.0115446150302887,-0.00770032405853271,-8.2755088806152e-4,0.00576645135879516,XArbitraryZVertical,-0.1468464311398729,0.2809469824733459,-0.1642188740675338,0.9340969542728408,0.4766335189342499,0.3666112124919891,-0.7990098595619202,0,0,0,-1,-1,tashahhud
2023-05-08T04:36:25Z,212991.2245202917,0.471160888671875,0.376434326171875,-0.797393798828125,212991.1970892917,-0.242493505342254,0.5374984625101711,-0.3772975284476803,-0.06869583576917648,-0.01397900283336639,0.00142220593988895,-1.1670589447021e-4,-0.01526007056236267,-4.8321485519409e-4,XArbitraryZVertical,-0.1479272442591973,0.280767939882637,-0.1639683939997668,0.9340243348458338,0.4759773910045624,0.3684094250202179,-0.7985737919807434,0,0,0,-1,-1,tashahhud
2023-05-08T04:36:25Z,212991.2582262917,0.4762420654296875,0.3816375732421875,-0.795867919921875,212991.1970892917,-0.242493505342254,0.5374984625101711,-0.3772975284476803,-0.06869583576917648,-0.01397900283336639,0.00142220593988895,-1.1670589447021e-4,-0.01526007056236267,-4.8321485519409e-4,XArbitraryZVertical,-0.1479272442591973,0.280767939882637,-0.1639683939997668,0.9340243348458338,0.4759773910045624,0.3684094250202179,-0.7985737919807434,0,0,0,-1,-1,tashahhud
2023-05-08T04:36:25Z,212991.2919012917,0.4732208251953125,0.3666839599609375,-0.792938232421875,212991.2569712917,-0.2409480741431164,0.5380839779522899,-0.3784532239319305,-0.00774026568979024,-0.01389105152338743,-0.00423035304993391,0.00334221124649047,0.00817137956619262,-0.00173854827880859,XArbitraryZVertical,-0.1486430102582002,0.2809641664347999,-0.1634271939312402,0.9339464362368464,0.4762263298034668,0.3694835901260376,-0.7979288101196289,0,0,0,-1,-1,tashahhud
2023-05-08T04:36:25Z,212991.3255772917,0.4682769775390625,0.368377685546875,-0.7879791259765625,212991.3168522917,-0.2406948834925162,0.5370982253371449,-0.3795613073785332,-0.03587814420461655,-0.00721337553113699,0.00629978533834219,-0.00109335780143737,-0.00292885303497314,0.00947135686874389,XArbitraryZVertical,-0.1492832002260943,0.2805204719962431,-0.1633669052865508,0.9339882593256368,0.475229799747467,0.3705130219459534,-0.7980455756187439,0,0,0,-1,-1,tashahhud
2023-05-08T04:36:25Z,212991.3592532917,0.4792633056640625,0.376190185546875,-0.8011474609375,212991.3168522917,-0.2406948834925162,0.5370982253371449,-0.3795613073785332,-0.03587814420461655,-0.00721337553113699,0.00629978533834219,-0.00109335780143737,-0.00292885303497314,0.00947135686874389,XArbitraryZVertical,-0.1492832002260943,0.2805204719962431,-0.1633669052865508,0.9339882593256368,0.475229799747467,0.3705130219459534,-0.7980455756187439,0,0,0,-1,-1,tashahhud
2023-05-08T04:36:25Z,212991.3929592917,0.4734649658203125,0.3727569580078125,-0.7921295166015625,212991.3767332917,-0.2403132083206492,0.5375040674024071,-0.3805245484543996,0.01523276790976524,-0.00442624371498823,-0.00556166749447584,7.0357322692871e-4,0.00775808095932006,-0.00424259901046752,XArbitraryZVertical,-0.1497591901564408,0.2807121563759375,-0.1633331058688794,0.933860456096402,0.4753707051277161,0.37140753865242,-0.7975457310676575,0,0,0,-1,-1,tashahhud
2023-05-08T04:36:25Z,212991.4266342917,0.4747314453125,0.3662261962890625,-0.7994232177734375,212991.3767332917,-0.2403132083206492,0.5375040674024071,-0.3805245484543996,0.01523276790976524,-0.00442624371498823,-0.00556166749447584,7.0357322692871e-4,0.00775808095932006,-0.00424259901046752,XArbitraryZVertical,-0.1497591901564408,0.2807121563759375,-0.1633331058688794,0.933860456096402,0.4753707051277161,0.37140753865242,-0.7975457310676575,0,0,0,-1,-1,tashahhud
2023-05-08T04:36:25Z,212991.4603102917,0.47442626953125,0.371337890625,-0.7914276123046875,212991.4366152917,-0.2406364954000182,0.5375821926683368,-0.3806410030418954,-0.0054011819884181,-0.00177659839391708,-0.00683252792805433,1.9040703773498e-4,-0.00310751795768737,-0.00157028436660766,XArbitraryZVertical,-0.149762504041849,0.2807765581416791,-0.1635037103956945,0.9338106815139908,0.4754108488559723,0.3715156614780426,-0.7974714040756226,0,0,0,-1,-1,tashahhud
2023-05-08T04:36:25Z,212991.4939862917,0.468048095703125,0.37664794921875,-0.7961273193359375,212991.4366152917,-0.2406364954000182,0.5375821926683368,-0.3806410030418954,-0.0054011819884181,-0.00177659839391708,-0.00683252792805433,1.9040703773498e-4,-0.00310751795768737,-0.00157028436660766,XArbitraryZVertical,-0.149762504041849,0.2807765581416791,-0.1635037103956945,0.9338106815139908,0.4754108488559723,0.3715156614780426,-0.7974714040756226,0,0,0,-1,-1,tashahhud
2023-05-08T04:36:25Z,212991.5276922917,0.4766082763671875,0.3719329833984375,-0.794403076171875,212991.4964962917,-0.2405614589609928,0.5379502506973166,-0.3805846193978879,0.03309506177902222,0.01076389476656914,0.00628194212913513,-0.01012352108955383,0.0077785849571228,0.00324702262878418,XArbitraryZVertical,-0.1497162888530728,0.2809409924436985,-0.163489552121818,0.9337710994673843,0.4757150709629059,0.3714633285999298,-0.7973144054412842,0,0,0,-1,-1,tashahhud
2023-05-08T04:36:25Z,212991.5613672917,0.4707794189453125,0.361724853515625,-0.79632568359375,212991.5563772917,-0.2407817389572423,0.5376236057913407,-0.3804877502345442,-0.0195818617939949,-7.4222590774297e-4,-0.00102950003929436,-6.3470005989074e-4,-0.01309704780578613,0.0025787353515625,XArbitraryZVertical,-0.1496662506838343,0.2808018912952704,-0.1635564758858689,0.9338092083752056,0.475473016500473,0.3713733851909637,-0.7975006103515625,0,0,0,-1,-1,tashahhud
2023-05-08T04:36:25Z,212991.5950432917,0.471893310546875,0.372406005859375,-0.7989654541015625,212991.5563772917,-0.2407817389572423,0.5376236057913407,-0.3804877502345442,-0.0195818617939949,-7.4222590774297e-4,-0.00102950003929436,-6.3470005989074e-4,-0.01309704780578613,0.0025787353515625,XArbitraryZVertical,-0.1496662506838343,0.2808018912952704,-0.1635564758858689,0.9338092083752056,0.475473016500473,0.3713733851909637,-0.7975006103515625,0,0,0,-1,-1,tashahhud
2023-05-08T04:36:25Z,212991.6287192917,0.4785614013671875,0.3787078857421875,-0.789093017578125,212991.6162592917,-0.2398722745667212,0.5388810117484508,-0.3812461179603131,0.00274467351846396,0.01910305023193359,0.01261600479483604,-0.00982370972633361,8.9314579963684e-4,-0.0039074420928955,XArbitraryZVertical,-0.150049936657526,0.2813448555796303,-0.1633160895788834,0.933626263959076,0.4763307571411133,0.3720774054527283,-0.7966601848602295,0,0,0,-1,-1,tashahhud
2023-05-08T04:36:25Z,212991.6624252917,0.4743499755859375,0.36822509765625,-0.794036865234375,212991.6162592917,-0.2398722745667212,0.5388810117484508,-0.3812461179603131,0.00274467351846396,0.01910305023193359,0.01261600479483604,-0.00982370972633361,8.9314579963684e-4,-0.0039074420928955,XArbitraryZVertical,-0.150049936657526,0.2813448555796303,-0.1633160895788834,0.933626263959076,0.4763307571411133,0.3720774054527283,-0.7966601848602295,0,0,0,-1,-1,tashahhud
2023-05-08T04:36:25Z,212991.6961002917,0.4795074462890625,0.36724853515625,-0.7972564697265625,212991.6761402917,-0.2401180512450793,0.538655704298122,-0.3804181184295084,-0.00908084213733673,0.00321243517100811,-0.00955028366297483,-0.00423261523246765,-3.676414489746e-4,0.002094566822052,XArbitraryZVertical,-0.149642234287701,0.2812318869652761,-0.1633155807116571,0.933725803545248,0.4763091206550598,0.3713087141513824,-0.7970316410064697,0,0,0,-1,-1,tashahhud
2023-05-08T04:36:25Z,212991.7297762917,0.4717254638671875,0.3752899169921875,-0.790283203125,212991.6761402917,-0.2401180512450793,0.538655704298122,-0.3804181184295084,-0.00908084213733673,0.00321243517100811,-0.00955028366297483,-0.00423261523246765,-3.676414489746e-4,0.002094566822052,XArbitraryZVertical,-0.149642234287701,0.2812318869652761,-0.1633155807116571,0.933725803545248,0.4763091206550598,0.3713087141513824,-0.7970316410064697,0,0,0,-1,-1,tashahhud
2023-05-08T04:36:26Z,212991.7634522917,0.477996826171875,0.370361328125,-0.79541015625,212991.7360212917,-0.2395428314270842,0.5396269981510234,-0.3807056762212089,0.00246980553492903,0.00806824304163456,0.00794189050793647,-0.00530263781547546,0.0037141740322113,0.00619381666183471,XArbitraryZVertical,-0.1497798772143496,0.2816513401933292,-0.1631539417676786,0.9336055885547716,0.4770281612873077,0.3715757131576538,-0.7964770197868347,0,0,0,-1,-1,tashahhud
2023-05-08T04:36:26Z,212991.7971582917,0.4787445068359375,0.369415283203125,-0.7942352294921875,212991.7360212917,-0.2395428314270842,0.5396269981510234,-0.3807056762212089,0.00246980553492903,0.00806824304163456,0.00794189050793647,-0.00530263781547546,0.0037141740322113,0.00619381666183471,XArbitraryZVertical,-0.1497798772143496,0.2816513401933292,-0.1631539417676786,0.9336055885547716,0.4770281612873077,0.3715757131576538,-0.7964770197868347,0,0,0,-1,-1,tashahhud
2023-05-08T04:36:26Z,212991.8308332917,0.4683074951171875,0.367584228515625,-0.7987518310546875,212991.7959032917,-0.239594532371627,0.539946744216035,-0.3801005024771194,-0.00410604197531938,0.00786424428224563,-0.00202152761630713,-0.00394853949546814,-0.00254461169242858,0.00170212984085083,XArbitraryZVertical,-0.1494603649158722,0.2817853746710606,-0.1631299162563878,0.9336206011814032,0.4773983359336853,0.3710137903690338,-0.7965171933174133,0,0,0,-1,-1,tashahhud
2023-05-08T04:36:26Z,212991.8645092917,0.488250732421875,0.3715057373046875,-0.7922210693359375,212991.8557842917,-0.2392480825385861,0.5411510402146357,-0.3799617808656737,0.01871020533144474,0.00467644119635224,0.00640924088656902,-9.3618035316467e-4,0.00460323691368103,0.00641977787017822,XArbitraryZVertical,-0.1493454395275476,0.282317293755087,-0.1630416379109522,0.9334936148598408,0.4783837199211121,0.3708849847316742,-0.795985758304596,0,0,0,-1,-1,tashahhud
2023-05-08T04:36:26Z,212991.8981852917,0.478057861328125,0.3708038330078125,-0.7913360595703125,212991.8557842917,-0.2392480825385861,0.5411510402146357,-0.3799617808656737,0.01871020533144474,0.00467644119635224,0.00640924088656902,-9.3618035316467e-4,0.00460323691368103,0.00641977787017822,XArbitraryZVertical,-0.1493454395275476,0.282317293755087,-0.1630416379109522,0.9334936148598408,0.4783837199211121,0.3708849847316742,-0.795985758304596,0,0,0,-1,-1,tashahhud
2023-05-08T04:36:26Z,212991.9318912917,0.473907470703125,0.363677978515625,-0.796173095703125,212991.9156652917,-0.239503298936531,0.5409487568787982,-0.3789680358796682,7.3576241265982e-4,0.00466325832530856,0.01252812054008245,0.0015835165977478,-0.00582620501518249,0.0051230788230896,XArbitraryZVertical,-0.1488560658974409,0.2822105801103533,-0.1630269685667659,0.9336067397457528,0.4784123003482819,0.3699619174003601,-0.7963981032371521,0,0,0,-1,-1,tashahhud
2023-05-08T04:36:26Z,212991.9655662917,0.4732513427734375,0.36431884765625,-0.7996368408203125,212991.9156652917,-0.239503298936531,0.5409487568787982,-0.3789680358796682,7.3576241265982e-4,0.00466325832530856,0.01252812054008245,0.0015835165977478,-0.00582620501518249,0.0051230788230896,XArbitraryZVertical,-0.1488560658974409,0.2822105801103533,-0.1630269685667659,0.9336067397457528,0.4784123003482819,0.3699619174003601,-0.7963981032371521,0,0,0,-1,-1,tashahhud
2023-05-08T04:36:26Z,212991.9992422917,0.47662353515625,0.35943603515625,-0.797760009765625,212991.9755472917,-0.2392638523729144,0.5421942210485219,-0.3790499772278889,-0.00776787381619215,-8.8004395365715e-4,-0.00318719306960701,-0.00500756502151489,-0.00608545541763305,-0.0030524730682373,XArbitraryZVertical,-0.148827116329769,0.2827767144000002,-0.1630177233926812,0.9334415126771248,0.4793881475925446,0.3700380623340607,-0.7957756519317627,0,0,0,-1,-1,tashahhud
2023-05-08T04:36:26Z,212992.0329182917,0.479766845703125,0.378875732421875,-0.7914886474609375,212991.9755472917,-0.2392638523729144,0.5421942210485219,-0.3790499772278889,-0.00776787381619215,-8.8004395365715e-4,-0.00318719306960701,-0.00500756502151489,-0.00608545541763305,-0.0030524730682373,XArbitraryZVertical,-0.148827116329769,0.2827767144000002,-0.1630177233926812,0.9334415126771248,0.4793881475925446,0.3700380623340607,-0.7957756519317627,0,0,0,-1,-1,tashahhud
2023-05-08T04:36:26Z,212992.0666242917,0.4825286865234375,0.3625640869140625,-0.793426513671875,212992.0354282917,-0.2386296390886194,0.5428244068065902,-0.3791786715877594,-0.01299240440130234,0.01512595266103745,-0.00454513914883136,-3.695487976074219e-5,0.00813823938369751,0.00388294458389282,XArbitraryZVertical,-0.1489263345250056,0.2830276478411601,-0.1627840597932725,0.933390415900356,0.4798649251461029,0.3701575994491577,-0.7954325675964355,0,0,0,-1,-1,tashahhud
2023-05-08T04:36:26Z,212992.1002992917,0.4811248779296875,0.3604278564453125,-0.79058837890625,212992.0953092917,-0.2382892041808367,0.5435121322622531,-0.3792076695377877,-0.02120007388293743,0.01693949848413467,0.00246057263575494,-0.003080815076828,-0.00482818484306335,0.00578659772872924,XArbitraryZVertical,-0.1489322861077686,0.2833241492568108,-0.1626798793636974,0.933317664698296,0.4804062843322754,0.3701845407485962,-0.7950931787490845,0,0,0,-1,-1,tashahhud
2023-05-08T04:36:26Z,212992.1339752917,0.4802703857421875,0.3840789794921875,-0.787628173828125,212992.0953092917,-0.2382892041808367,0.5435121322622531,-0.3792076695377877,-0.02120007388293743,0.01693949848413467,0.00246057263575494,-0.003080815076828,-0.00482818484306335,0.00578659772872924,XArbitraryZVertical,-0.1489322861077686,0.2833241492568108,-0.1626798793636974,0.933317664698296,0.4804062843322754,0.3701845407485962,-0.7950931787490845,0,0,0,-1,-1,tashahhud
2023-05-08T04:36:26Z,212992.1676512917,0.48504638671875,0.3670196533203125,-0.7938995361328125,212992.1551912917,-0.237650153845727,0.5443223250993158,-0.3795528045953391,-0.01298395544290543,0.0038236966356635,0.00325286318548023,-6.3741207122802e-4,0.0013209581375122,0.0035024881362915,XArbitraryZVertical,-0.1491201356515691,0.2836652956166546,-0.1624835289239301,0.9332182405618624,0.4809841215610504,0.3705051243305206,-0.7945943474769592,0,0,0,-1,-1,tashahhud
2023-05-08T04:36:26Z,212992.2013572917,0.4830780029296875,0.3679351806640625,-0.795318603515625,212992.1551912917,-0.237650153845727,0.5443223250993158,-0.3795528045953391,-0.01298395544290543,0.0038236966356635,0.00325286318548023,-6.3741207122802e-4,0.0013209581375122,0.0035024881362915,XArbitraryZVertical,-0.1491201356515691,0.2836652956166546,-0.1624835289239301,0.9332182405618624,0.4809841215610504,0.3705051243305206,-0.7945943474769592,0,0,0,-1,-1,tashahhud
2023-05-08T04:36:26Z,212992.2350322917,0.4822235107421875,0.3805084228515625,-0.7878570556640625,212992.2150722917,-0.2370528493415117,0.5446092419614924,-0.3798625367226461,0.01691739447414875,-0.00293527264147996,0.00105761922895908,4.6059489250183e-4,-4.291534423828125e-6,-1.5169382095336e-4,XArbitraryZVertical,-0.1493279492675102,0.2837641128427038,-0.1622634765518004,0.9331933742164508,0.4811526238918304,0.3707928061485291,-0.7943581938743591,0,0,0,-1,-1,tashahhud
2023-05-08T04:36:26Z,212992.2687082917,0.4813690185546875,0.3634796142578125,-0.7879180908203125,212992.2150722917,-0.2370528493415117,0.5446092419614924,-0.3798625367226461,0.01691739447414875,-0.00293527264147996,0.00105761922895908,4.6059489250183e-4,-4.291534423828125e-6,-1.5169382095336e-4,XArbitraryZVertical,-0.1493279492675102,0.2837641128427038,-0.1622634765518004,0.9331933742164508,0.4811526238918304,0.3707928061485291,-0.7943581938743591,0,0,0,-1,-1,tashahhud
2023-05-08T04:36:26Z,212992.3023845417,0.478302001953125,0.357574462890625,-0.7930755615234375,212992.2749532917,-0.2377168382595718,0.5447159286079218,-0.379528830787158,-0.0288037396967411,-0.00249871332198381,-0.01432905998080969,6.762146949768066e-5,-0.00700330734252929,0.00649452209472656,XArbitraryZVertical,-0.1490673565902511,0.2838531566618514,-0.162541081174966,0.9331596081052698,0.4813014566898346,0.370482861995697,-0.7944126129150391,0,0,0,-1,-1,tashahhud
2023-05-08T04:36:26Z,212992.3360905417,0.478271484375,0.3804473876953125,-0.79022216796875,212992.2749532917,-0.2377168382595718,0.5447159286079218,-0.379528830787158,-0.0288037396967411,-0.00249871332198381,-0.01432905998080969,6.762146949768066e-5,-0.00700330734252929,0.00649452209472656,XArbitraryZVertical,-0.1490673565902511,0.2838531566618514,-0.162541081174966,0.9331596081052698,0.4813014566898346,0.370482861995697,-0.7944126129150391,0,0,0,-1,-1,tashahhud
2023-05-08T04:36:26Z,212992.3697665417,0.4804534912109375,0.3691558837890625,-0.7916259765625,212992.3348355417,-0.2371900457489681,0.5453754613169673,-0.3810685019407049,0.00206922180950641,0.00240136869251728,0.00657302606850862,-0.01189371943473816,0.00734463334083557,6.6816806793212e-4,XArbitraryZVertical,-0.1498161373063608,0.2841688203310591,-0.1625300337799846,0.9329455642798948,0.4815288484096527,0.3719125390052795,-0.7936064004898071,0,0,0,-1,-1,tashahhud
2023-05-08T04:36:26Z,212992.4034415417,0.476470947265625,0.36456298828125,-0.7917633056640625,212992.3947165417,-0.2375760825851201,0.5452412530101649,-0.3805516991551627,-0.01993202604353428,-0.00332009978592395,-6.9127860479056e-4,0.00323459506034851,-0.00152924656867981,0.00137007236480712,XArbitraryZVertical,-0.1495280073746486,0.2841192623900511,-0.1626378151239172,0.9329880374665096,0.4815219342708588,0.37143275141716,-0.7938352227210999,0,0,0,-1,-1,tashahhud
2023-05-08T04:36:26Z,212992.4371175417,0.4804840087890625,0.3790283203125,-0.788726806640625,212992.3947165417,-0.2375760825851201,0.5452412530101649,-0.3805516991551627,-0.01993202604353428,-0.00332009978592395,-6.9127860479056e-4,0.00323459506034851,-0.00152924656867981,0.00137007236480712,XArbitraryZVertical,-0.1495280073746486,0.2841192623900511,-0.1626378151239172,0.9329880374665096,0.4815219342708588,0.37143275141716,-0.7938352227210999,0,0,0,-1,-1,tashahhud
2023-05-08T04:36:26Z,212992.4708235417,0.4838714599609375,0.376861572265625,-0.790435791015625,212992.4545975417,-0.237325448241013,0.5459242111211616,-0.3812827132013617,0.0228202473372221,0.00746537046507,-0.00384312961250543,-0.00154554843902587,0.00960245728492736,4.119873046875e-4,XArbitraryZVertical,-0.1498534928750722,0.2844414995917031,-0.162660142009983,0.9328337282245044,0.4819228649139404,0.3721113801002502,-0.79327392578125,0,0,0,-1,-1,tashahhud
2023-05-08T04:36:26Z,212992.5044995417,0.4822998046875,0.3667755126953125,-0.789520263671875,212992.4545975417,-0.237325448241013,0.5459242111211616,-0.3812827132013617,0.0228202473372221,0.00746537046507,-0.00384312961250543,-0.00154554843902587,0.00960245728492736,4.119873046875e-4,XArbitraryZVertical,-0.1498534928750722,0.2844414995917031,-0.162660142009983,0.9328337282245044,0.4819228649139404,0.3721113801002502,-0.79327392578125,0,0,0,-1,-1,tashahhud
2023-05-08T04:36:26Z,212992.5381745417,0.479156494140625,0.374359130859375,-0.7898712158203125,212992.51447954171,-0.2380376179280319,0.5458883469505363,-0.3803145615819815,-0.0177068505436182,-0.00571687798947095,-0.01129545364528894,-1.4755129814147e-4,-0.00535261631011962,0.00264418125152587,XArbitraryZVertical,-0.1492976965923745,0.2844482945882468,-0.1628728698509952,0.9328836261515672,0.4820812344551086,0.3712125718593597,-0.7935987114906311,0,0,0,-1,-1,tashahhud
2023-05-08T04:36:26Z,212992.5718505417,0.481842041015625,0.372100830078125,-0.7913970947265625,212992.51447954171,-0.2380376179280319,0.5458883469505363,-0.3803145615819815,-0.0177068505436182,-0.00571687798947095,-0.01129545364528894,-1.4755129814147e-4,-0.00535261631011962,0.00264418125152587,XArbitraryZVertical,-0.1492976965923745,0.2844482945882468,-0.1628728698509952,0.9328836261515672,0.4820812344551086,0.3712125718593597,-0.7935987114906311,0,0,0,-1,-1,tashahhud
2023-05-08T04:36:26Z,212992.6055565417,0.48236083984375,0.3703765869140625,-0.7921600341796875,212992.5743605417,-0.2382233637250468,0.545901321004736,-0.3813832050862018,0.01965175196528435,3.6265235394239e-4,0.00669739488512277,4.4509768486022e-4,-0.00211799144744873,0.00390058755874633,XArbitraryZVertical,-0.149775117061734,0.2845011592862262,-0.163089321402725,0.9327532212511956,0.4818853139877319,0.3722046613693237,-0.7932530045509338,0,0,0,-1,-1,tashahhud
2023-05-08T04:36:26Z,212992.6392325417,0.4737701416015625,0.3705291748046875,-0.7910614013671875,212992.6342415417,-0.2381823207467135,0.5461179630800725,-0.3809139516497616,-0.0013397573493421,0.01036575250327587,0.00491094682365655,-0.0016484260559082,-0.00146880745887756,0.00106143951416015,XArbitraryZVertical,-0.1495415980175435,0.2845846809481243,-0.1630298138693577,0.9327755538342928,0.4821477830410004,0.3717690706253052,-0.7932977676391602,0,0,0,-1,-1,tashahhud
2023-05-08T04:36:26Z,212992.6729075417,0.487579345703125,0.383087158203125,-0.7871246337890625,212992.6342415417,-0.2381823207467135,0.5461179630800725,-0.3809139516497616,-0.0013397573493421,0.01036575250327587,0.00491094682365655,-0.0016484260559082,-0.00146880745887756,0.00106143951416015,XArbitraryZVertical,-0.1495415980175435,0.2845846809481243,-0.1630298138693577,0.9327755538342928,0.4821477830410004,0.3717690706253052,-0.7932977676391602,0,0,0,-1,-1,tashahhud
2023-05-08T04:36:26Z,212992.7065835417,0.4800262451171875,0.364501953125,-0.791168212890625,212992.6941235417,-0.2389808885500739,0.5458047081750926,-0.3804504747764348,0.01266852952539921,-0.01038479991257191,-0.00550867058336734,0.0037902295589447,0.00324919819831848,0.00439608097076416,XArbitraryZVertical,-0.1492345718278739,0.2844838988988095,-0.1633229850500522,0.9328041391957108,0.4819886386394501,0.3713387846946716,-0.7935959100723267,0,0,0,-1,-1,tashahhud
2023-05-08T04:36:26Z,212992.7402895417,0.4755859375,0.366424560546875,-0.792022705078125,212992.6941235417,-0.2389808885500739,0.5458047081750926,-0.3804504747764348,0.01266852952539921,-0.01038479991257191,-0.00550867058336734,0.0037902295589447,0.00324919819831848,0.00439608097076416,XArbitraryZVertical,-0.1492345718278739,0.2844838988988095,-0.1633229850500522,0.9328041391957108,0.4819886386394501,0.3713387846946716,-0.7935959100723267,0,0,0,-1,-1,tashahhud
2023-05-08T04:36:27Z,212992.7739655417,0.48004150390625,0.3703155517578125,-0.7957000732421875,212992.7540045417,-0.238978741413918,0.5459403351028302,-0.3800770038404642,-0.00448147393763065,-0.00645497255027294,0.00607581343501806,-0.00443077087402343,-0.00465902686119079,0.00307589769363403,XArbitraryZVertical,-0.1490473403808634,0.284535368165182,-0.1632870517112474,0.9328247508327216,0.4821682572364807,0.370991975069046,-0.7936490178108215,0,0,0,-1,-1,tashahhud
2023-05-08T04:36:27Z,212992.8076405417,0.4782867431640625,0.372344970703125,-0.7870330810546875,212992.7540045417,-0.238978741413918,0.5459403351028302,-0.3800770038404642,-0.00448147393763065,-0.00645497255027294,0.00607581343501806,-0.00443077087402343,-0.00465902686119079,0.00307589769363403,XArbitraryZVertical,-0.1490473403808634,0.284535368165182,-0.1632870517112474,0.9328247508327216,0.4821682572364807,0.370991975069046,-0.7936490178108215,0,0,0,-1,-1,tashahhud
2023-05-08T04:36:27Z,212992.8413165417,0.4789581298828125,0.3728485107421875,-0.7905120849609375,212992.8138855417,-0.239379835966504,0.5455889073788068,-0.3798230956529257,0.01266885455697775,0.00151273887604475,-0.00579416146501898,-0.00365132093429565,0.00158873200416564,0.00686585903167724,XArbitraryZVertical,-0.1488990281328077,0.2843934376236137,-0.1634173630967291,0.9328688406015382,0.4819381833076477,0.3707561790943146,-0.79389888048172,0,0,0,-1,-1,tashahhud
2023-05-08T04:36:27Z,212992.8750225417,0.4807586669921875,0.3746490478515625,-0.794189453125,212992.8138855417,-0.239379835966504,0.5455889073788068,-0.3798230956529257,0.01266885455697775,0.00151273887604475,-0.00579416146501898,-0.00365132093429565,0.00158873200416564,0.00686585903167724,XArbitraryZVertical,-0.1488990281328077,0.2843934376236137,-0.1634173630967291,0.9328688406015382,0.4819381833076477,0.3707561790943146,-0.79389888048172,0,0,0,-1,-1,tashahhud
2023-05-08T04:36:27Z,212992.9086985417,0.4812164306640625,0.3715362548828125,-0.788909912109375,212992.8737675417,-0.2398475361667715,0.5453025521449677,-0.379385991384134,0.02473099157214165,-0.00162859261035919,0.00157879991456866,-0.00167694687843322,0.00143018364906311,-0.00240969657897949,XArbitraryZVertical,-0.1486493974552722,0.2842809545850182,-0.1635615459082543,0.932917762807097,0.4817948639392853,0.370350182056427,-0.794175386428833,0,0,0,-1,-1,tashahhud
2023-05-08T04:36:27Z,212992.9423735417,0.481170654296875,0.366363525390625,-0.7934722900390625,212992.9336485417,-0.2409636992083618,0.545246042408777,-0.3771323982325258,0.05434627458453178,0.0139140821993351,0.02733929082751274,-0.00619888305664062,-1.0713934898376e-4,-0.00186926126480102,XArbitraryZVertical,-0.1474304030402946,0.2842660583102875,-0.1638066797976714,0.9330726349259366,0.482181578874588,0.3682559132575989,-0.794914186000824,0,0,0,-1,-1,tashahhud
2023-05-08T04:36:27Z,212992.9760495417,0.4885711669921875,0.356109619140625,-0.79254150390625,212992.9336485417,-0.2409636992083618,0.545246042408777,-0.3771323982325258,0.05434627458453178,0.0139140821993351,0.02733929082751274,-0.00619888305664062,-1.0713934898376e-4,-0.00186926126480102,XArbitraryZVertical,-0.1474304030402946,0.2842660583102875,-0.1638066797976714,0.9330726349259366,0.482181578874588,0.3682559132575989,-0.794914186000824,0,0,0,-1,-1,tashahhud
2023-05-08T04:36:27Z,212993.0097555417,0.4846038818359375,0.361663818359375,-0.790802001953125,212992.9935305417,-0.2415675884940667,0.5458685092098885,-0.3752320503399269,0.02735007740557194,0.0043157828040421,0.02060042694211006,0.00219079852104187,-0.01248458027839661,0.00372195243835449,XArbitraryZVertical,-0.1463953968845643,0.284540155570688,-0.1639050819485044,0.933134834202476,0.4830387532711029,0.3664884567260742,-0.795210599899292,0,0,0,-1,-1,tashahhud
2023-05-08T04:36:27Z,212993.0434315417,0.488983154296875,0.354461669921875,-0.7893829345703125,212992.9935305417,-0.2415675884940667,0.5458685092098885,-0.3752320503399269,0.02735007740557194,0.0043157828040421,0.02060042694211006,0.00219079852104187,-0.01248458027839661,0.00372195243835449,XArbitraryZVertical,-0.1463953968845643,0.284540155570688,-0.1639050819485044,0.933134834202476,0.4830387532711029,0.3664884567260742,-0.795210599899292,0,0,0,-1,-1,tashahhud
2023-05-08T04:36:27Z,212993.0771065417,0.4830322265625,0.3547210693359375,-0.7952117919921875,212993.0534115417,-0.2417681346726399,0.5459646807731803,-0.3748119517888616,-0.03466904163360596,0.00211567897349596,0.00199292157776653,0.00702407956123352,-0.01247516274452209,0.00630944967269897,XArbitraryZVertical,-0.1461604352826456,0.2845862459806805,-0.1639550261692884,0.9331487381498776,0.4831951260566711,0.3660975396633148,-0.7952955961227417,0,0,0,-1,-1,tashahhud
2023-05-08T04:36:27Z,212993.1107825417,0.49346923828125,0.372467041015625,-0.788482666015625,212993.0534115417,-0.2417681346726399,0.5459646807731803,-0.3748119517888616,-0.03466904163360596,0.00211567897349596,0.00199292157776653,0.00702407956123352,-0.01247516274452209,0.00630944967269897,XArbitraryZVertical,-0.1461604352826456,0.2845862459806805,-0.1639550261692884,0.9331487381498776,0.4831951260566711,0.3660975396633148,-0.7952955961227417,0,0,0,-1,-1,tashahhud
2023-05-08T04:36:27Z,212993.1444885417,0.475830078125,0.375885009765625,-0.78973388671875,212993.1132925417,-0.2381186204449047,0.5487232830357275,-0.3781497826071675,-0.1090699583292007,0.05513728410005569,-0.00862004142254591,0.0108126699924469,-1.6781687736511e-4,-0.00261956453323364,XArbitraryZVertical,-0.1480325468083231,0.2857096977420139,-0.1628594426396102,0.9327021852207112,0.4847471117973328,0.3692016005516052,-0.7929126620292664,0,0,0,-1,-1,tashahhud
2023-05-08T04:36:27Z,212993.1781645417,0.4954376220703125,0.3648834228515625,-0.790679931640625,212993.1731745417,-0.2363551302663702,0.5527939168164696,-0.3803343669807203,-0.03931630030274391,-0.04305998608469963,0.00494050793349742,0.00129979848861694,-0.00109860301017761,0.00124311447143554,XArbitraryZVertical,-0.1489857383781659,0.2875430088388728,-0.1626058023772106,0.932030955263234,0.4875460863113403,0.3712309598922729,-0.7902445197105408,0,0,0,-1,-1,tashahhud
2023-05-08T04:36:27Z,212993.2118405417,0.4759368896484375,0.36285400390625,-0.798004150390625,212993.1731745417,-0.2363551302663702,0.5527939168164696,-0.3803343669807203,-0.03931630030274391,-0.04305998608469963,0.00494050793349742,0.00129979848861694,-0.00109860301017761,0.00124311447143554,XArbitraryZVertical,-0.1489857383781659,0.2875430088388728,-0.1626058023772106,0.932030955263234,0.4875460863113403,0.3712309598922729,-0.7902445197105408,0,0,0,-1,-1,tashahhud
