loggingTime(txt),accelerometerTimestamp_sinceReboot(s),accelerometerAccelerationX(G),accelerometerAccelerationY(G),accelerometerAccelerationZ(G),motionTimestamp_sinceReboot(s),motionYaw(rad),motionRoll(rad),motionPitch(rad),motionRotationRateX(rad/s),motionRotationRateY(rad/s),motionRotationRateZ(rad/s),motionUserAccelerationX(G),motionUserAccelerationY(G),motionUserAccelerationZ(G),motionAttitudeReferenceFrame(txt),motionQuaternionX(R),motionQuaternionY(R),motionQuaternionZ(R),motionQuaternionW(R),motionGravityX(G),motionGravityY(G),motionGravityZ(G),motionMagneticFieldX(µT),motionMagneticFieldY(µT),motionMagneticFieldZ(µT),motionHeading(°),motionMagneticFieldCalibrationAccuracy(Z),label
2023-05-08T04:36:12Z,212978.525960625,0.47650146484375,0.42572021484375,-0.7624664306640625,212978.502265625,-0.1487841340329722,0.5541488639288922,-0.4513835095702344,0.01938289031386375,0.01208575442433357,0.00635597761720418,-0.00526940822601318,0.00546997785568237,0.00353908538818359,XArbitraryZVertical,-0.1948351913874933,0.2818660484168102,-0.1307200243572993,0.9303242874227696,0.4735159277915955,0.4362109005451202,-0.7651815414428711,0,0,0,-1,-1,tashahhud
2023-05-08T04:36:12Z,212978.559636625,0.4628143310546875,0.4304046630859375,-0.7583465576171875,212978.502265625,-0.1487841340329722,0.5541488639288922,-0.4513835095702344,0.01938289031386375,0.01208575442433357,0.00635597761720418,-0.00526940822601318,0.00546997785568237,0.00353908538818359,XArbitraryZVertical,-0.1948351913874933,0.2818660484168102,-0.1307200243572993,0.9303242874227696,0.4735159277915955,0.4362109005451202,-0.7651815414428711,0,0,0,-1,-1,tashahhud
2023-05-08T04:36:12Z,212978.593341625,0.482086181640625,0.44854736328125,-0.7591094970703125,212978.562146625,-0.1478476560767522,0.5567476481783464,-0.452106420372253,-0.0282885804772377,0.03982324153184891,0.01617611758410931,-0.01059910655021667,-0.00532752275466918,0.00518131256103515,XArbitraryZVertical,-0.1951371365780446,0.2829863398591414,-0.1306284333861359,0.9299336090772105,0.475336104631424,0.4368612766265869,-0.7636804580688477,0,0,0,-1,-1,tashahhud
2023-05-08T04:36:12Z,212978.627017625,0.4806365966796875,0.4322509765625,-0.7585296630859375,212978.622027625,-0.1477218293447563,0.5577661427393935,-0.4513863448662,0.01599332131445408,-0.00268140714615583,1.6412883996963e-4,0.00835442543029785,0.00365161895751953,0.00656569004058837,XArbitraryZVertical,-0.1947503754539333,0.2834448538950284,-0.1305786950021446,0.9298819754262784,0.4762800335884094,0.4362134337425232,-0.7634626030921936,0,0,0,-1,-1,tashahhud
2023-05-08T04:36:12Z,212978.660692625,0.4761810302734375,0.4339141845703125,-0.7543182373046875,212978.622027625,-0.1477218293447563,0.5577661427393935,-0.4513863448662,0.01599332131445408,-0.00268140714615583,1.6412883996963e-4,0.00835442543029785,0.00365161895751953,0.00656569004058837,XArbitraryZVertical,-0.1947503754539333,0.2834448538950284,-0.1305786950021446,0.9298819754262784,0.4762800335884094,0.4362134337425232,-0.7634626030921936,0,0,0,-1,-1,tashahhud
2023-05-08T04:36:12Z,212978.694368625,0.476409912109375,0.4357147216796875,-0.7664794921875,212978.681908625,-0.1466938366324236,0.5582259115096849,-0.452257203562297,-0.01787559129297733,0.01201584655791521,0.03104907460510731,-0.00265941023826599,-0.0076909065246582,0.00535273551940918,XArbitraryZVertical,-0.1952749339476106,0.2835615697835664,-0.1302552378971756,0.929781795141376,0.4764296114444733,0.4369969069957733,-0.7629210948944092,0,0,0,-1,-1,tashahhud
2023-05-08T04:36:12Z,212978.728073625,0.4840240478515625,0.43798828125,-0.7569732666015625,212978.681908625,-0.1466938366324236,0.5582259115096849,-0.452257203562297,-0.01787559129297733,0.01201584655791521,0.03104907460510731,-0.00265941023826599,-0.0076909065246582,0.00535273551940918,XArbitraryZVertical,-0.1952749339476106,0.2835615697835664,-0.1302552378971756,0.929781795141376,0.4764296114444733,0.4369969069957733,-0.7629210948944092,0,0,0,-1,-1,tashahhud
2023-05-08T04:36:13Z,212978.761749625,0.47576904296875,0.4295501708984375,-0.762847900390625,212978.741789625,-0.1456663636498119,0.559809011654892,-0.4517908445386952,-0.00734481588006019,-0.01838686689734459,-0.00466072000563144,0.00974288582801818,-0.0025869607925415,0.00542628765106201,XArbitraryZVertical,-0.1950989168644469,0.2841956410856487,-0.1298732350678013,0.9296786157531172,0.4777449667453766,0.4365774095058441,-0.7623385190963745,0,0,0,-1,-1,tashahhud
2023-05-08T04:36:13Z,212978.795424625,0.476715087890625,0.4231414794921875,-0.7599334716796875,212978.741789625,-0.1456663636498119,0.559809011654892,-0.4517908445386952,-0.00734481588006019,-0.01838686689734459,-0.00466072000563144,0.00974288582801818,-0.0025869607925415,0.00542628765106201,XArbitraryZVertical,-0.1950989168644469,0.2841956410856487,-0.1298732350678013,0.9296786157531172,0.4777449667453766,0.4365774095058441,-0.7623385190963745,0,0,0,-1,-1,tashahhud
2023-05-08T04:36:13Z,212978.829100625,0.4797515869140625,0.4610137939453125,-0.7532196044921875,212978.801669625,-0.1448505627622621,0.560116034978511,-0.4534025671702257,0.0065438207238912504,0.01893940009176731,0.00955283641815185,-8.8942050933837e-4,-0.01488539576530457,0.00166118144989013,XArbitraryZVertical,-0.1959513001263057,0.2842635246759475,-0.12972790227078,0.929498860993954,0.4776045382022858,0.4380268454551697,-0.7615946531295776,0,0,0,-1,-1,tashahhud
2023-05-08T04:36:13Z,212978.862805625,0.47845458984375,0.42462158203125,-0.7550201416015625,212978.801669625,-0.1448505627622621,0.560116034978511,-0.4534025671702257,0.0065438207238912504,0.01893940009176731,0.00955283641815185,-8.8942050933837e-4,-0.01488539576530457,0.00166118144989013,XArbitraryZVertical,-0.1959513001263057,0.2842635246759475,-0.12972790227078,0.929498860993954,0.4776045382022858,0.4380268454551697,-0.7615946531295776,0,0,0,-1,-1,tashahhud
2023-05-08T04:36:13Z,212978.896481625,0.4788818359375,0.4336090087890625,-0.7582550048828125,212978.861550625,-0.144573895673462,0.5613299053992222,-0.4527273386149587,-0.02588614262640476,0.00383088737726211,-0.00623677857220172,-0.0025658905506134,-0.01176059246063232,0.00409293174743652,XArbitraryZVertical,-0.1955951259438331,0.2847986506447677,-0.1296326336273095,0.9294233112263453,0.4786859750747681,0.4374197423458099,-0.7612645626068115,0,0,0,-1,-1,tashahhud
2023-05-08T04:36:13Z,212978.930157625,0.4748382568359375,0.4482574462890625,-0.7511138916015625,212978.921431625,-0.1435343455229502,0.562021831448855,-0.4550342449050517,-0.03145324438810349,0.02315425127744675,0.0130644803866744,-0.00873333215713501,-0.00168791413307189,7.0840120315551e-4,XArbitraryZVertical,-0.1967806009099289,0.2850241111410319,-0.1295102135261597,0.9291210762975648,0.4786736369132996,0.4394930601119995,-0.7600772976875305,0,0,0,-1,-1,tashahhud
2023-05-08T04:36:13Z,212978.963832625,0.48541259765625,0.4488983154296875,-0.757659912109375,212978.921431625,-0.1435343455229502,0.562021831448855,-0.4550342449050517,-0.03145324438810349,0.02315425127744675,0.0130644803866744,-0.00873333215713501,-0.00168791413307189,7.0840120315551e-4,XArbitraryZVertical,-0.1967806009099289,0.2850241111410319,-0.1295102135261597,0.9291210762975648,0.4786736369132996,0.4394930601119995,-0.7600772976875305,0,0,0,-1,-1,tashahhud
2023-05-08T04:36:13Z,212978.997538625,0.4801177978515625,0.4308013916015625,-0.7599945068359375,212978.981312625,-0.1430390725796279,0.5627388525964819,-0.4536990813838708,-0.00785711966454982,-0.01796502247452736,-0.01150104962289333,0.00878074765205383,0.00871279835700988,0.00462955236434936,XArbitraryZVertical,-0.1961785801714348,0.2853054600130472,-0.1291808698849433,0.9292078738610324,0.4795311093330383,0.4382933676242828,-0.7602295279502869,0,0,0,-1,-1,tashahhud
2023-05-08T04:36:13Z,212979.031213625,0.4635467529296875,0.4266510009765625,-0.7618865966796875,212978.981312625,-0.1430390725796279,0.5627388525964819,-0.4536990813838708,-0.00785711966454982,-0.01796502247452736,-0.01150104962289333,0.00878074765205383,0.00871279835700988,0.00462955236434936,XArbitraryZVertical,-0.1961785801714348,0.2853054600130472,-0.1291808698849433,0.9292078738610324,0.4795311093330383,0.4382933676242828,-0.7602295279502869,0,0,0,-1,-1,tashahhud
2023-05-08T04:36:13Z,212979.064889625,0.4895477294921875,0.4481658935546875,-0.75054931640625,212979.041194625,-0.1419683027120964,0.5636593658548654,-0.4548156928451342,0.0085936551913619,0.01097734738141298,0.01653671078383923,-0.0101965069770813,-0.00957876443862915,6.7609548568725e-4,XArbitraryZVertical,-0.1967957269543557,0.2856302557446324,-0.1289160639983255,0.9290143119678274,0.479968935251236,0.4392967522144318,-0.7593736052513123,0,0,0,-1,-1,tashahhud
2023-05-08T04:36:13Z,212979.098564625,0.4829864501953125,0.442413330078125,-0.7534942626953125,212979.041194625,-0.1419683027120964,0.5636593658548654,-0.4548156928451342,0.0085936551913619,0.01097734738141298,0.01653671078383923,-0.0101965069770813,-0.00957876443862915,6.7609548568725e-4,XArbitraryZVertical,-0.1967957269543557,0.2856302557446324,-0.1289160639983255,0.9290143119678274,0.479968935251236,0.4392967522144318,-0.7593736052513123,0,0,0,-1,-1,tashahhud
2023-05-08T04:36:13Z,212979.132270625,0.470733642578125,0.4227447509765625,-0.7581787109375,212979.101074625,-0.1429687119738591,0.562532722790081,-0.4540779426832517,-0.01768015883862972,-0.02894563227891922,-0.00882723554968833,0.00197649002075195,0.00413036346435546,0.00680041313171386,XArbitraryZVertical,-0.1963796385971013,0.28520365016747,-0.1291761347151957,0.92919732232227,0.4792858064174652,0.4386338889598846,-0.7601878046989441,0,0,0,-1,-1,tashahhud
2023-05-08T04:36:13Z,212979.165946625,0.477447509765625,0.4499664306640625,-0.7553558349609375,212979.160955625,-0.1411411724222239,0.5635938916753362,-0.4562906844446817,-0.01272450480610132,3.8156099617481e-4,0.00515302829444408,-9.9578499794006e-4,0.00137999653816223,0.00466024875640869,XArbitraryZVertical,-0.1976097124865012,0.2855209172609424,-0.1287134290660981,0.928903143718654,0.4795725047588348,0.4406213164329529,-0.7588564157485962,0,0,0,-1,-1,tashahhud
2023-05-08T04:36:13Z,212979.199621625,0.4805755615234375,0.447357177734375,-0.7569427490234375,212979.160955625,-0.1411411724222239,0.5635938916753362,-0.4562906844446817,-0.01272450480610132,3.8156099617481e-4,0.00515302829444408,-9.9578499794006e-4,0.00137999653816223,0.00466024875640869,XArbitraryZVertical,-0.1976097124865012,0.2855209172609424,-0.1287134290660981,0.928903143718654,0.4795725047588348,0.4406213164329529,-0.7588564157485962,0,0,0,-1,-1,tashahhud
2023-05-08T04:36:13Z,212979.233297625,0.4707794189453125,0.4211273193359375,-0.755462646484375,212979.220836625,-0.1411763188283653,0.5629481728314055,-0.4559202457290459,-0.04846198111772537,-0.00798629038035869,0.01257978565990925,-5.6225061416625e-4,-0.00475719571113586,0.0040091872215271,XArbitraryZVertical,-0.197472526173484,0.2852238322233957,-0.1286187785990539,0.9290367468787936,0.479169487953186,0.4402887523174286,-0.7593039274215698,0,0,0,-1,-1,tashahhud
2023-05-08T04:36:13Z,212979.267002625,0.4798583984375,0.44744873046875,-0.7596588134765625,212979.220836625,-0.1411763188283653,0.5629481728314055,-0.4559202457290459,-0.04846198111772537,-0.00798629038035869,0.01257978565990925,-5.6225061416625e-4,-0.00475719571113586,0.0040091872215271,XArbitraryZVertical,-0.197472526173484,0.2852238322233957,-0.1286187785990539,0.9290367468787936,0.479169487953186,0.4402887523174286,-0.7593039274215698,0,0,0,-1,-1,tashahhud
2023-05-08T04:36:13Z,212979.3006785,0.490814208984375,0.458038330078125,-0.749359130859375,212979.2807185,-0.1385259141869145,0.5652868571112103,-0.458192136369215,0.01431804709136486,5.698855966329575e-5,0.00593200232833623,-9.7566843032836e-4,0.01249125599861145,1.0192394256591e-4,XArbitraryZVertical,-0.1987661683567466,0.2860501919732478,-0.1279095030808966,0.9286046233670824,0.4804069101810455,0.4423274397850037,-0.7573345899581909,0,0,0,-1,-1,tashahhud
2023-05-08T04:36:13Z,212979.3343535,0.4759521484375,0.4345245361328125,-0.755889892578125,212979.2807185,-0.1385259141869145,0.5652868571112103,-0.458192136369215,0.01431804709136486,5.698855966329575e-5,0.00593200232833623,-9.7566843032836e-4,0.01249125599861145,1.0192394256591e-4,XArbitraryZVertical,-0.1987661683567466,0.2860501919732478,-0.1279095030808966,0.9286046233670824,0.4804069101810455,0.4423274397850037,-0.7573345899581909,0,0,0,-1,-1,tashahhud
2023-05-08T04:36:13Z,212979.3680295,0.470306396484375,0.4427490234375,-0.7573699951171875,212979.3405995,-0.1397701268216305,0.5628854739459125,-0.4577037562352066,-0.03721072897315025,-0.01812048256397247,-0.02018428593873978,-0.00274986028671264,-0.0073648989200592,0.00277876853942871,XArbitraryZVertical,-0.1985133190532206,0.285058094341955,-0.1281864422315682,0.9289256239236942,0.4787020981311798,0.4418893754482269,-0.7586686611175537,0,0,0,-1,-1,tashahhud
2023-05-08T04:36:13Z,212979.4017355,0.4757232666015625,0.4549713134765625,-0.754425048828125,212979.3405995,-0.1397701268216305,0.5628854739459125,-0.4577037562352066,-0.03721072897315025,-0.01812048256397247,-0.02018428593873978,-0.00274986028671264,-0.0073648989200592,0.00277876853942871,XArbitraryZVertical,-0.1985133190532206,0.285058094341955,-0.1281864422315682,0.9289256239236942,0.4787020981311798,0.4418893754482269,-0.7586686611175537,0,0,0,-1,-1,tashahhud
2023-05-08T04:36:13Z,212979.4354105,0.4773406982421875,0.4314117431640625,-0.7576904296875,212979.4004805,-0.1393618471989342,0.5642426474111212,-0.4579977318348332,0.06101433932781219,0.00391397811472415,0.00375167303718626,-0.00912645459175109,0.02029499411582947,0.00574171543121337,XArbitraryZVertical,-0.198622421574577,0.2856482048763346,-0.1281690729540072,0.9287233201534176,0.4796617925167084,0.4421530663967133,-0.7579084634780884,0,0,0,-1,-1,tashahhud
2023-05-08T04:36:13Z,212979.4690865,0.4691925048828125,0.4324951171875,-0.75518798828125,212979.4603615,-0.1398533205995139,0.563005433718541,-0.4575422442655011,-0.03012039139866829,0.0055984272621572,0.01157311070710421,-0.00515249371528625,-0.01187396049499512,0.0030258297920227,XArbitraryZVertical,-0.1984180615542378,0.2851219019761935,-0.1282164542992701,0.9289221169041028,0.4788311719894409,0.441744476556778,-0.7586715221405029,0,0,0,-1,-1,tashahhud
2023-05-08T04:36:13Z,212979.5027615,0.48663330078125,0.4545135498046875,-0.7580718994140625,212979.4603615,-0.1398533205995139,0.563005433718541,-0.4575422442655011,-0.03012039139866829,0.0055984272621572,0.01157311070710421,-0.00515249371528625,-0.01187396049499512,0.0030258297920227,XArbitraryZVertical,-0.1984180615542378,0.2851219019761935,-0.1282164542992701,0.9289221169041028,0.4788311719894409,0.441744476556778,-0.7586715221405029,0,0,0,-1,-1,tashahhud
2023-05-08T04:36:13Z,212979.5364675,0.4770355224609375,0.434417724609375,-0.7577667236328125,212979.5202425,-0.139972062537209,0.5629553001351945,-0.4575685286640999,0.04414229840040207,-0.01487555541098118,0.00140649336390197,0.00494724512100219,0.01285228133201599,0.00551193952560424,XArbitraryZVertical,-0.1984166571430128,0.2851103987327877,-0.1282699505808789,0.9289186770509664,0.4787869453430176,0.441768079996109,-0.7586857676506042,0,0,0,-1,-1,tashahhud
2023-05-08T04:36:13Z,212979.5701425,0.473419189453125,0.436065673828125,-0.7550201416015625,212979.5202425,-0.139972062537209,0.5629553001351945,-0.4575685286640999,0.04414229840040207,-0.01487555541098118,0.00140649336390197,0.00494724512100219,0.01285228133201599,0.00551193952560424,XArbitraryZVertical,-0.1984166571430128,0.2851103987327877,-0.1282699505808789,0.9289186770509664,0.4787869453430176,0.441768079996109,-0.7586857676506042,0,0,0,-1,-1,tashahhud
2023-05-08T04:36:13Z,212979.6038185,0.47955322265625,0.4366607666015625,-0.758758544921875,212979.5801235,-0.1396493578670278,0.5620977918961205,-0.4570616450444416,-0.03005367890000343,-0.0036109834909439,0.01950533501803875,-0.00730815529823303,-0.00625473260879516,0.00518083572387695,XArbitraryZVertical,-0.1982798896791766,0.2846794415062835,-0.127970535951761,0.929121236497666,0.4782554507255554,0.4413132667541504,-0.7592853903770447,0,0,0,-1,-1,tashahhud
2023-05-08T04:36:13Z,212979.6374945,0.4754791259765625,0.45318603515625,-0.7586212158203125,212979.5801235,-0.1396493578670278,0.5620977918961205,-0.4570616450444416,-0.03005367890000343,-0.0036109834909439,0.01950533501803875,-0.00730815529823303,-0.00625473260879516,0.00518083572387695,XArbitraryZVertical,-0.1982798896791766,0.2846794415062835,-0.127970535951761,0.929121236497666,0.4782554507255554,0.4413132667541504,-0.7592853903770447,0,0,0,-1,-1,tashahhud
2023-05-08T04:36:13Z,212979.6711995,0.4758148193359375,0.435546875,-0.75244140625,212979.6400045,-0.1387471468318683,0.5627984456089322,-0.4569933727027557,0.02687541395425797,-0.00161041691899299,-0.00545141287147998,-0.00442284345626831,0.01078957319259644,7.975101470947266e-5,XArbitraryZVertical,-0.1983315683356096,0.2849153698698902,-0.1276121739118714,0.9290872657267556,0.478803426027298,0.4412520229816437,-0.758975625038147,0,0,0,-1,-1,tashahhud
2023-05-08T04:36:13Z,212979.7048755,0.4705657958984375,0.423675537109375,-0.7638092041015625,212979.6998855,-0.1382915971177177,0.5623289911974484,-0.4567587352638912,-0.04650625959038734,0.00560908019542694,0.01758359931409359,-0.00747862458229064,-0.01762530207633972,-0.00240033864974975,XArbitraryZVertical,-0.1983163290436554,0.2846518626012591,-0.1273241095942928,0.9292107930643834,0.4785022735595703,0.4410414397716522,-0.7592878937721252,0,0,0,-1,-1,tashahhud
2023-05-08T04:36:13Z,212979.7385505,0.4785919189453125,0.4514007568359375,-0.7575531005859375,212979.6998855,-0.1382915971177177,0.5623289911974484,-0.4567587352638912,-0.04650625959038734,0.00560908019542694,0.01758359931409359,-0.00747862458229064,-0.01762530207633972,-0.00240033864974975,XArbitraryZVertical,-0.1983163290436554,0.2846518626012591,-0.1273241095942928,0.9292107930643834,0.4785022735595703,0.4410414397716522,-0.7592878937721252,0,0,0,-1,-1,tashahhud
2023-05-08T04:36:14Z,212979.7722265,0.4851226806640625,0.4346923828125,-0.7485809326171875,212979.7597665,-0.1379804356870564,0.5627975843746983,-0.4570149943143048,0.00648718373849988,-0.01730156317353249,-0.00722188223153352,0.00749999284744262,0.00651296973228454,0.00777781009674072,XArbitraryZVertical,-0.1984509765579051,0.2848389480661987,-0.1272586736077451,0.9291336435926044,0.4787976741790771,0.4412714242935181,-0.7589679956436157,0,0,0,-1,-1,tashahhud
2023-05-08T04:36:14Z,212979.8059315,0.47296142578125,0.4292755126953125,-0.75640869140625,212979.7597665,-0.1379804356870564,0.5627975843746983,-0.4570149943143048,0.00648718373849988,-0.01730156317353249,-0.00722188223153352,0.00749999284744262,0.00651296973228454,0.00777781009674072,XArbitraryZVertical,-0.1984509765579051,0.2848389480661987,-0.1272586736077451,0.9291336435926044,0.4787976741790771,0.4412714242935181,-0.7589679956436157,0,0,0,-1,-1,tashahhud
2023-05-08T04:36:14Z,212979.8396075,0.47406005859375,0.446929931640625,-0.7664642333984375,212979.8196475,-0.1367637560092976,0.5621015595614022,-0.4580613554776002,-0.057131577283144,-0.01124027371406555,0.01083062123507261,-0.00229957699775695,-0.01119515299797058,0.00187563896179199,XArbitraryZVertical,-0.1991589668660904,0.2843954106031937,-0.1267575156219822,0.9291864708692672,0.4780229330062866,0.4422101378440857,-0.7589099407196045,0,0,0,-1,-1,tashahhud
2023-05-08T04:36:14Z,212979.8732835,0.4767608642578125,0.4342803955078125,-0.680511474609375,212979.8196475,-0.1367637560092976,0.5621015595614022,-0.4580613554776002,-0.057131577283144,-0.01124027371406555,0.01083062123507261,-0.00229957699775695,-0.01119515299797058,0.00187563896179199,XArbitraryZVertical,-0.1991589668660904,0.2843954106031937,-0.1267575156219822,0.9291864708692672,0.4780229330062866,0.4422101378440857,-0.7589099407196045,0,0,0,-1,-1,tashahhud
2023-05-08T04:36:14Z,212979.9069585,0.4600830078125,0.4458770751953125,-0.7842559814453125,212979.8795285,-0.1349947380820224,0.5639391934644503,-0.4594524071538716,-0.01624808833003044,0.02442478016018867,-0.04363181814551353,-0.00232657790184021,-0.00917699933052063,0.07699811458587646,XArbitraryZVertical,-0.199946681539376,0.285072832151646,-0.1262965299601418,0.9288725040567566,0.4790874719619751,0.4434573650360107,-0.7575095891952515,0,0,0,-1,-1,tashahhud
2023-05-08T04:36:14Z,212979.9406645,0.4939117431640625,0.433013916015625,-0.7724151611328125,212979.8795285,-0.1349947380820224,0.5639391934644503,-0.4594524071538716,-0.01624808833003044,0.02442478016018867,-0.04363181814551353,-0.00232657790184021,-0.00917699933052063,0.07699811458587646,XArbitraryZVertical,-0.199946681539376,0.285072832151646,-0.1262965299601418,0.9288725040567566,0.4790874719619751,0.4434573650360107,-0.7575095891952515,0,0,0,-1,-1,tashahhud
