loggingTime(txt),accelerometerTimestamp_sinceReboot(s),accelerometerAccelerationX(G),accelerometerAccelerationY(G),accelerometerAccelerationZ(G),motionTimestamp_sinceReboot(s),motionYaw(rad),motionRoll(rad),motionPitch(rad),motionRotationRateX(rad/s),motionRotationRateY(rad/s),motionRotationRateZ(rad/s),motionUserAccelerationX(G),motionUserAccelerationY(G),motionUserAccelerationZ(G),motionAttitudeReferenceFrame(txt),motionQuaternionX(R),motionQuaternionY(R),motionQuaternionZ(R),motionQuaternionW(R),motionGravityX(G),motionGravityY(G),motionGravityZ(G),motionMagneticFieldX(µT),motionMagneticFieldY(µT),motionMagneticFieldZ(µT),motionHeading(°),motionMagneticFieldCalibrationAccuracy(Z),label
2023-05-08T04:36:07Z,212973.1703625417,0.429443359375,0.46600341796875,-0.7713470458984375,212973.1129925417,-0.1695278935246828,0.5062459056957404,-0.4862513996471132,-0.00847611203789711,0.02364573813974857,0.00516474619507789,-0.00982433557510376,-0.01249638199806213,-1.9145011901855e-4,XArbitraryZVertical,-0.2116513214681663,0.2619228513713763,-0.1396252493147695,0.9311848054037744,0.428693413734436,0.4673150777816772,-0.773200273513794,0,0,0,-1,-1,tashahhud
2023-05-08T04:36:07Z,212973.2040685417,0.4329376220703125,0.45458984375,-0.767364501953125,212973.1728725417,-0.1684640096514144,0.5076225336152309,-0.4880648725616043,-0.03999827802181244,-0.00523204915225505,0.00878930836915969,0.00229594111442565,-0.00248694419860839,-8.3756446838378e-4,XArbitraryZVertical,-0.212548189333294,0.2624681240956601,-0.1394780146848566,0.9308489454539094,0.4293447434902191,0.468917578458786,-0.7718675136566162,0,0,0,-1,-1,tashahhud
2023-05-08T04:36:07Z,212973.2377435417,0.4297943115234375,0.46270751953125,-0.7723541259765625,212973.2327535417,-0.1668429712921894,0.507723392002955,-0.4881291793624687,-0.04686039686203003,0.01017160713672638,0.02235571667551994,-0.00744128227233886,-0.00635844469070434,-0.00328761339187622,XArbitraryZVertical,-0.2127841239684596,0.2623432956003738,-0.1387414208297702,0.930940261149894,0.429407924413681,0.468974381685257,-0.7717978358268738,0,0,0,-1,-1,tashahhud
2023-05-08T04:36:07Z,212973.2714185417,0.432952880859375,0.4691619873046875,-0.7715911865234375,212973.2327535417,-0.1668429712921894,0.507723392002955,-0.4881291793624687,-0.04686039686203003,0.01017160713672638,0.02235571667551994,-0.00744128227233886,-0.00635844469070434,-0.00328761339187622,XArbitraryZVertical,-0.2127841239684596,0.2623432956003738,-0.1387414208297702,0.930940261149894,0.429407924413681,0.468974381685257,-0.7717978358268738,0,0,0,-1,-1,tashahhud
2023-05-08T04:36:07Z,212973.3050945,0.4325103759765625,0.468475341796875,-0.762969970703125,212973.2926335,-0.1638782748941629,0.5094448045531929,-0.4913252339689941,-0.06889864057302475,-0.04015061631798744,-0.00323006999678909,0.01209026575088501,-0.00406712293624877,0.00540179014205932,XArbitraryZVertical,-0.2145577503627923,0.2628544306878537,-0.1379033677634903,0.930513460632304,0.4300026893615723,0.4717947840690613,-0.7697450518608093,0,0,0,-1,-1,tashahhud
2023-05-08T04:36:07Z,212973.3387995,0.4316558837890625,0.471527099609375,-0.7680511474609375,212973.2926335,-0.1638782748941629,0.5094448045531929,-0.4913252339689941,-0.06889864057302475,-0.04015061631798744,-0.00323006999678909,0.01209026575088501,-0.00406712293624877,0.00540179014205932,XArbitraryZVertical,-0.2145577503627923,0.2628544306878537,-0.1379033677634903,0.930513460632304,0.4300026893615723,0.4717947840690613,-0.7697450518608093,0,0,0,-1,-1,tashahhud
2023-05-08T04:36:07Z,212973.3724745,0.4209442138671875,0.47149658203125,-0.76763916015625,212973.3525145,-0.1623705750608775,0.5070030952377332,-0.4936655639931408,-0.0977664440870285,-0.04368915781378746,-0.01668409258127213,0.00246915221214294,-0.00431352853775024,8.040666580200195e-5,XArbitraryZVertical,-0.2160239703368448,0.2615740681198461,-0.1372008717608067,0.9306388216086928,0.4275846183300018,0.4738569557666779,-0.769825279712677,0,0,0,-1,-1,tashahhud
2023-05-08T04:36:07Z,212973.4061495,0.4240264892578125,0.493072509765625,-0.76287841796875,212973.3525145,-0.1623705750608775,0.5070030952377332,-0.4936655639931408,-0.0977664440870285,-0.04368915781378746,-0.01668409258127213,0.00246915221214294,-0.00431352853775024,8.040666580200195e-5,XArbitraryZVertical,-0.2160239703368448,0.2615740681198461,-0.1372008717608067,0.9306388216086928,0.4275846183300018,0.4738569557666779,-0.769825279712677,0,0,0,-1,-1,tashahhud
2023-05-08T04:36:07Z,212973.4398255,0.4084320068359375,0.485870361328125,-0.76141357421875,212973.4123945,-0.1595646685069039,0.5081184899564473,-0.4968115241268942,-0.02338593825697899,-0.04680339246988297,0.01427169144153595,-0.00368902087211608,0.016447514295578,0.00516325235366821,XArbitraryZVertical,-0.2177939917667144,0.2618108739624604,-0.1363680860978324,0.9302819986462194,0.4277155995368958,0.4766249656677246,-0.7680416703224182,0,0,0,-1,-1,tashahhud
2023-05-08T04:36:07Z,212973.4735305,0.43109130859375,0.4830322265625,-0.7720184326171875,212973.4123945,-0.1595646685069039,0.5081184899564473,-0.4968115241268942,-0.02338593825697899,-0.04680339246988297,0.01427169144153595,-0.00368902087211608,0.016447514295578,0.00516325235366821,XArbitraryZVertical,-0.2177939917667144,0.2618108739624604,-0.1363680860978324,0.9302819986462194,0.4277155995368958,0.4766249656677246,-0.7680416703224182,0,0,0,-1,-1,tashahhud
2023-05-08T04:36:07Z,212973.5072055,0.4216461181640625,0.4617156982421875,-0.7617034912109375,212973.4722755,-0.1587798361531781,0.5080536880045184,-0.4963505209923454,-0.01441781595349312,-0.00598359387367963,0.00794748309999704,-5.1125884056091e-4,0.00849103927612304,-0.00529825687408447,XArbitraryZVertical,-0.2176844002420334,0.2616922661572628,-0.1359443176669236,0.9304030981203404,0.4277726709842682,0.4762196242809296,-0.7682613134384155,0,0,0,-1,-1,tashahhud
2023-05-08T04:36:07Z,212973.5408815,0.4308013916015625,0.481231689453125,-0.7563323974609375,212973.5321565,-0.1581381421246453,0.5071404100869387,-0.5000166116741789,-0.02927964553236961,-0.04464709758758545,-0.0142076201736927,0.01077648997306824,0.00197464227676391,0.0129852294921875,XArbitraryZVertical,-0.2195535247301413,0.2612203408426942,-0.1359560547434497,0.9300947075119878,0.4262200593948364,0.4794401228427887,-0.767120361328125,0,0,0,-1,-1,tashahhud
2023-05-08T04:36:07Z,212973.5745565,0.419281005859375,0.4834442138671875,-0.7660980224609375,212973.5321565,-0.1581381421246453,0.5071404100869387,-0.5000166116741789,-0.02927964553236961,-0.04464709758758545,-0.0142076201736927,0.01077648997306824,0.00197464227676391,0.0129852294921875,XArbitraryZVertical,-0.2195535247301413,0.2612203408426942,-0.1359560547434497,0.9300947075119878,0.4262200593948364,0.4794401228427887,-0.767120361328125,0,0,0,-1,-1,tashahhud
2023-05-08T04:36:07Z,212973.6082615,0.4253997802734375,0.47467041015625,-0.7593231201171875,212973.5920365,-0.1578199971021246,0.5066644713758854,-0.5015372142912722,-0.04209502786397934,-0.01468620356172323,-7.9540815204381e-4,0.00363761186599731,-3.2058358192443e-4,0.00400477647781372,XArbitraryZVertical,-0.2203419700256542,0.2609732046330967,-0.1359254989055158,0.929982104525582,0.4255006313323975,0.4807740151882172,-0.7666848301887512,0,0,0,-1,-1,tashahhud
2023-05-08T04:36:07Z,212973.6419375,0.4288330078125,0.495086669921875,-0.7686920166015625,212973.5920365,-0.1578199971021246,0.5066644713758854,-0.5015372142912722,-0.04209502786397934,-0.01468620356172323,-7.9540815204381e-4,0.00363761186599731,-3.2058358192443e-4,0.00400477647781372,XArbitraryZVertical,-0.2203419700256542,0.2609732046330967,-0.1359254989055158,0.929982104525582,0.4255006313323975,0.4807740151882172,-0.7666848301887512,0,0,0,-1,-1,tashahhud
2023-05-08T04:36:07Z,212973.6756125,0.4249114990234375,0.48193359375,-0.7552642822265625,212973.6519175,-0.1568998758245397,0.5076382598962156,-0.5024532404228604,-0.01039306912571192,-0.00969177950173616,-0.01006187777966261,0.00492128729820251,0.01460826396942139,-0.00242561101913452,XArbitraryZVertical,-0.2208263725781116,0.2613297825641376,-0.1357073899188989,0.9297989288645367,0.4260327517986298,0.4815770089626312,-0.7658849358558655,0,0,0,-1,-1,tashahhud
2023-05-08T04:36:07Z,212973.7092875,0.415313720703125,0.4813385009765625,-0.758148193359375,212973.6519175,-0.1568998758245397,0.5076382598962156,-0.5024532404228604,-0.01039306912571192,-0.00969177950173616,-0.01006187777966261,0.00492128729820251,0.01460826396942139,-0.00242561101913452,XArbitraryZVertical,-0.2208263725781116,0.2613297825641376,-0.1357073899188989,0.9297989288645367,0.4260327517986298,0.4815770089626312,-0.7658849358558655,0,0,0,-1,-1,tashahhud
2023-05-08T04:36:08Z,212973.7429935,0.429840087890625,0.49005126953125,-0.7717437744140625,212973.7117975,-0.1566446414165193,0.5077456307709141,-0.5026111634531096,-0.00588555168360471,0.01937675848603249,0.02058418281376362,-0.01044377684593201,-0.00216221809387207,0.00886046886444091,XArbitraryZVertical,-0.2209266348804192,0.2613524000604046,-0.1356182566964852,0.9297817340435858,0.4260779917240143,0.4817154109477997,-0.7657727003097534,0,0,0,-1,-1,tashahhud
2023-05-08T04:36:08Z,212973.7766685,0.4207000732421875,0.4808349609375,-0.760650634765625,212973.7716785,-0.1561246542234561,0.5085766443301823,-0.5034461161017975,0.00705985305830836,0.00310224713757634,0.00825427938252687,6.0588121414184e-4,0.00232475996017456,0.00182217359542846,XArbitraryZVertical,-0.2213304891660157,0.2616857283047998,-0.1355618844152714,0.9296001601517232,0.4265182316303253,0.4824469387531281,-0.7650668025016785,0,0,0,-1,-1,tashahhud
2023-05-08T04:36:08Z,212973.8103445,0.4341278076171875,0.477508544921875,-0.75762939453125,212973.7716785,-0.1561246542234561,0.5085766443301823,-0.5034461161017975,0.00705985305830836,0.00310224713757634,0.00825427938252687,6.0588121414184e-4,0.00232475996017456,0.00182217359542846,XArbitraryZVertical,-0.2213304891660157,0.2616857283047998,-0.1355618844152714,0.9296001601517232,0.4265182316303253,0.4824469387531281,-0.7650668025016785,0,0,0,-1,-1,tashahhud
2023-05-08T04:36:08Z,212973.8440195,0.4224090576171875,0.4786376953125,-0.7655792236328125,212973.8315595,-0.1558319792916133,0.5083927095613832,-0.5037410495198583,-0.02535352669656277,0.00452524004504084,-4.5771931763738e-4,0.00371503829956054,4.032552242279e-4,0.00589615106582641,XArbitraryZVertical,-0.2215197560919871,0.2615693787143634,-0.1354385158653471,0.929605842502452,0.4263082444667816,0.4827052652835846,-0.7650209069252014,0,0,0,-1,-1,tashahhud
2023-05-08T04:36:08Z,212973.8777245,0.4270782470703125,0.4925689697265625,-0.7632904052734375,212973.8315595,-0.1558319792916133,0.5083927095613832,-0.5037410495198583,-0.02535352669656277,0.00452524004504084,-4.5771931763738e-4,0.00371503829956054,4.032552242279e-4,0.00589615106582641,XArbitraryZVertical,-0.2215197560919871,0.2615693787143634,-0.1354385158653471,0.929605842502452,0.4263082444667816,0.4827052652835846,-0.7650209069252014,0,0,0,-1,-1,tashahhud
2023-05-08T04:36:08Z,212973.9114005,0.424407958984375,0.4713592529296875,-0.754730224609375,212973.8914395,-0.1561023272698875,0.5078752433820769,-0.503845752511729,0.00115501787513494,-0.0188414677977562,-0.00380770955234766,0.00114479660987854,0.00891751050949096,0.00677442550659179,XArbitraryZVertical,-0.2215686388153116,0.2613593459987273,-0.1355185683034208,0.9296416310581908,0.4258877336978912,0.4827969372272491,-0.7651972770690918,0,0,0,-1,-1,tashahhud
2023-05-08T04:36:08Z,212973.9450755,0.4281768798828125,0.4896240234375,-0.76031494140625,212973.8914395,-0.1561023272698875,0.5078752433820769,-0.503845752511729,0.00115501787513494,-0.0188414677977562,-0.00380770955234766,0.00114479660987854,0.00891751050949096,0.00677442550659179,XArbitraryZVertical,-0.2215686388153116,0.2613593459987273,-0.1355185683034208,0.9296416310581908,0.4258877336978912,0.4827969372272491,-0.7651972770690918,0,0,0,-1,-1,tashahhud
2023-05-08T04:36:08Z,212973.9787505,0.4181976318359375,0.4789886474609375,-0.7657623291015625,212973.9513205,-0.1552559841560607,0.50728582893654,-0.5046969433610634,-0.0312785692512989,-0.04045695066452026,-0.00259117782115936,0.00294011831283569,0.00608175992965698,0.00477373600006103,XArbitraryZVertical,-0.222118866510558,0.2609959679647051,-0.1351549872527527,0.9296652367210448,0.4252368211746216,0.4835422039031982,-0.7650886178016663,0,0,0,-1,-1,tashahhud
2023-05-08T04:36:08Z,212974.0124565,0.420562744140625,0.4911346435546875,-0.7575531005859375,212973.9513205,-0.1552559841560607,0.50728582893654,-0.5046969433610634,-0.0312785692512989,-0.04045695066452026,-0.00259117782115936,0.00294011831283569,0.00608175992965698,0.00477373600006103,XArbitraryZVertical,-0.222118866510558,0.2609959679647051,-0.1351549872527527,0.9296652367210448,0.4252368211746216,0.4835422039031982,-0.7650886178016663,0,0,0,-1,-1,tashahhud
2023-05-08T04:36:08Z,212974.0461315,0.4196929931640625,0.4809112548828125,-0.7637786865234375,212974.0112015,-0.1552624025946927,0.5070339956085432,-0.5047185427562493,0.03951172903180122,0.00263812392950058,0.00501028262078762,-0.00497978925704956,0.00867217779159545,0.004688560962677,XArbitraryZVertical,-0.2221451743467467,0.2608797006257697,-0.1351323875251816,0.9296949721696408,0.4250390827655792,0.483561098575592,-0.765186607837677,0,0,0,-1,-1,tashahhud
2023-05-08T04:36:08Z,212974.0798065,0.4285736083984375,0.47705078125,-0.7652130126953125,212974.0710815,-0.1560103630606226,0.5065414114406478,-0.5043020551179821,-0.02325562015175819,-0.03426696360111237,-0.02122904360294342,0.00810164213180542,-6.3732266426086e-4,-0.00171631574630737,XArbitraryZVertical,-0.2218853249019111,0.2607315772989424,-0.1353789352920091,0.9297626431791628,0.4247597754001617,0.483196496963501,-0.7655718922615051,0,0,0,-1,-1,tashahhud
2023-05-08T04:36:08Z,212974.1134825,0.4146270751953125,0.4847259521484375,-0.7605438232421875,212974.0710815,-0.1560103630606226,0.5065414114406478,-0.5043020551179821,-0.02325562015175819,-0.03426696360111237,-0.02122904360294342,0.00810164213180542,-6.3732266426086e-4,-0.00171631574630737,XArbitraryZVertical,-0.2218853249019111,0.2607315772989424,-0.1353789352920091,0.9297626431791628,0.4247597754001617,0.483196496963501,-0.7655718922615051,0,0,0,-1,-1,tashahhud
2023-05-08T04:36:08Z,212974.1471875,0.4225311279296875,0.4775238037109375,-0.76226806640625,212974.1309625,-0.1562165336984925,0.5053238916603405,-0.5058433304131115,-0.01028361357748508,0.00349606107920408,0.0127235958352685,-0.0076947808265686,-0.00276434421539306,0.00794386863708496,XArbitraryZVertical,-0.2226649306386691,0.2601967918961968,-0.1355111116863755,0.9297068361919651,0.4234663248062134,0.4845453202724457,-0.7654359340667725,0,0,0,-1,-1,tashahhud
2023-05-08T04:36:08Z,212974.1808635,0.418212890625,0.4892730712890625,-0.7657012939453125,212974.1309625,-0.1562165336984925,0.5053238916603405,-0.5058433304131115,-0.01028361357748508,0.00349606107920408,0.0127235958352685,-0.0076947808265686,-0.00276434421539306,0.00794386863708496,XArbitraryZVertical,-0.2226649306386691,0.2601967918961968,-0.1355111116863755,0.9297068361919651,0.4234663248062134,0.4845453202724457,-0.7654359340667725,0,0,0,-1,-1,tashahhud
2023-05-08T04:36:08Z,212974.2145385,0.4213104248046875,0.492156982421875,-0.7613067626953125,212974.1908435,-0.1554893340689009,0.5049009641204804,-0.5072240653375646,-0.0246976912021637,-0.01080824248492718,-0.00239863106980919,-0.00735214352607727,0.00217759609222412,0.00178402662277221,XArbitraryZVertical,-0.2234366642402032,0.2599263854404427,-0.1352793782998398,0.9296310637388968,0.4228185415267944,0.4857527017593384,-0.7650286555290222,0,0,0,-1,-1,tashahhud
2023-05-08T04:36:08Z,212974.2482135,0.41168212890625,0.4718017578125,-0.7584686279296875,212974.1908435,-0.1554893340689009,0.5049009641204804,-0.5072240653375646,-0.0246976912021637,-0.01080824248492718,-0.00239863106980919,-0.00735214352607727,0.00217759609222412,0.00178402662277221,XArbitraryZVertical,-0.2234366642402032,0.2599263854404427,-0.1352793782998398,0.9296310637388968,0.4228185415267944,0.4857527017593384,-0.7650286555290222,0,0,0,-1,-1,tashahhud
2023-05-08T04:36:08Z,212974.281920125,0.4310150146484375,0.4957733154296875,-0.76043701171875,212974.2507235,-0.1547978803996127,0.5044376714369346,-0.508170554366066,-0.02982880361378193,0.00865040998905897,0.00202061817981302,-0.00712624192237854,-0.01454916596412659,0.00533068180084228,XArbitraryZVertical,-0.2240023240324236,0.2596384917341021,-0.135011267070963,0.9296143477787732,0.4222416579723358,0.4865798056125641,-0.7648216485977173,0,0,0,-1,-1,tashahhud
2023-05-08T04:36:08Z,212974.315595125,0.418426513671875,0.4845733642578125,-0.7642822265625,212974.310605125,-0.1545687645140854,0.5035387912883352,-0.5101742704415511,-0.00795981381088495,-0.02141441404819489,-0.01148373913019896,-0.00315970182418823,-0.00114676356315612,9.3293190002441e-4,XArbitraryZVertical,-0.2250337323630391,0.2592048339860965,-0.1350260313690082,0.929484056806516,0.4210827052593231,0.4883293211460114,-0.7643453478813171,0,0,0,-1,-1,tashahhud
2023-05-08T04:36:08Z,212974.349271125,0.4164581298828125,0.48583984375,-0.7615509033203125,212974.310605125,-0.1545687645140854,0.5035387912883352,-0.5101742704415511,-0.00795981381088495,-0.02141441404819489,-0.01148373913019896,-0.00315970182418823,-0.00114676356315612,9.3293190002441e-4,XArbitraryZVertical,-0.2250337323630391,0.2592048339860965,-0.1350260313690082,0.929484056806516,0.4210827052593231,0.4883293211460114,-0.7643453478813171,0,0,0,-1,-1,tashahhud
2023-05-08T04:36:08Z,212974.382946125,0.420440673828125,0.4925384521484375,-0.7640838623046875,212974.370486125,-0.1542344651617686,0.5029846394979107,-0.5103470510045806,-0.0265169870108366,-0.01788612641394138,-0.00139142363332212,-0.00570133328437805,-0.00584462285041809,-2.8109550476074e-4,XArbitraryZVertical,-0.2251955536634777,0.2589104839357596,-0.1348274056095652,0.9295557568892372,0.4206183850765228,0.4884800910949707,-0.7645046710968018,0,0,0,-1,-1,tashahhud
2023-05-08T04:36:08Z,212974.416651125,0.4153289794921875,0.4872894287109375,-0.7599334716796875,212974.370486125,-0.1542344651617686,0.5029846394979107,-0.5103470510045806,-0.0265169870108366,-0.01788612641394138,-0.00139142363332212,-0.00570133328437805,-0.00584462285041809,-2.8109550476074e-4,XArbitraryZVertical,-0.2251955536634777,0.2589104839357596,-0.1348274056095652,0.9295557568892372,0.4206183850765228,0.4884800910949707,-0.7645046710968018,0,0,0,-1,-1,tashahhud
2023-05-08T04:36:08Z,212974.450327125,0.418212890625,0.4931793212890625,-0.7537841796875,212974.430366125,-0.1543743577703975,0.5015011610617697,-0.5113973358823884,8.343590889126062e-5,-0.00886240322142839,-0.00443807989358902,-0.00795146822929382,-0.00210687518119812,0.00578165054321289,XArbitraryZVertical,-0.2257707170557959,0.2582418028709796,-0.1348411450796124,0.9296002860090538,0.419236958026886,0.4893962740898132,-0.7646775245666504,0,0,0,-1,-1,tashahhud
2023-05-08T04:36:08Z,212974.484002125,0.412811279296875,0.49090576171875,-0.7682342529296875,212974.430366125,-0.1543743577703975,0.5015011610617697,-0.5113973358823884,8.343590889126062e-5,-0.00886240322142839,-0.00443807989358902,-0.00795146822929382,-0.00210687518119812,0.00578165054321289,XArbitraryZVertical,-0.2257707170557959,0.2582418028709796,-0.1348411450796124,0.9296002860090538,0.419236958026886,0.4893962740898132,-0.7646775245666504,0,0,0,-1,-1,tashahhud
2023-05-08T04:36:08Z,212974.517677125,0.412078857421875,0.49005126953125,-0.7645111083984375,212974.490247125,-0.1543982957381114,0.5004522406640832,-0.5119078915178467,-0.02486536651849747,-0.02371745184063911,-0.006030916236341,-0.0055033266544342,0.00106430053710937,-0.00333672761917114,XArbitraryZVertical,-0.2260781218135285,0.257759442707468,-0.1347899977887718,0.9296668479560908,0.418314665555954,0.4898414611816406,-0.7648975253105164,0,0,0,-1,-1,tashahhud
2023-05-08T04:36:08Z,212974.551383125,0.412841796875,0.494537353515625,-0.7611236572265625,212974.490247125,-0.1543982957381114,0.5004522406640832,-0.5119078915178467,-0.02486536651849747,-0.02371745184063911,-0.006030916236341,-0.0055033266544342,0.00106430053710937,-0.00333672761917114,XArbitraryZVertical,-0.2260781218135285,0.257759442707468,-0.1347899977887718,0.9296668479560908,0.418314665555954,0.4898414611816406,-0.7648975253105164,0,0,0,-1,-1,tashahhud
2023-05-08T04:36:08Z,212974.585058125,0.4137115478515625,0.4872589111328125,-0.762237548828125,212974.550128125,-0.1548466399166917,0.5002278608871676,-0.5116865925601973,0.03069459274411201,-8.049439638853e-4,0.00135349645279347,-0.00741311907768249,0.00832206010818481,0.00759440660476684,XArbitraryZVertical,-0.2259315214517884,0.2577046834179243,-0.134948701100285,0.9296947343973044,0.4181950390338898,0.4896485209465027,-0.7650864720344543,0,0,0,-1,-1,tashahhud
2023-05-08T04:36:08Z,212974.618734125,0.419036865234375,0.487762451171875,-0.7652740478515625,212974.610009125,-0.155178500165823,0.4992251957941939,-0.5117444029268071,-0.00350640178658068,-0.01508840825408697,1.1459388770163e-4,-0.00203931331634521,-0.00375229120254516,0.00144243240356445,XArbitraryZVertical,-0.225983627082729,0.2572763774325104,-0.1349960549483421,0.9297937529643306,0.417414128780365,0.4896989166736603,-0.7654805183410645,0,0,0,-1,-1,tashahhud
2023-05-08T04:36:08Z,212974.652409125,0.414459228515625,0.495025634765625,-0.7604827880859375,212974.610009125,-0.155178500165823,0.4992251957941939,-0.5117444029268071,-0.00350640178658068,-0.01508840825408697,1.1459388770163e-4,-0.00203931331634521,-0.00375229120254516,0.00144243240356445,XArbitraryZVertical,-0.225983627082729,0.2572763774325104,-0.1349960549483421,0.9297937529643306,0.417414128780365,0.4896989166736603,-0.7654805183410645,0,0,0,-1,-1,tashahhud
2023-05-08T04:36:08Z,212974.686114125,0.41845703125,0.481964111328125,-0.7632598876953125,212974.669889125,-0.1561417484472937,0.4985672502203747,-0.511188853649407,0.00733309332281351,-0.01954900287091732,-0.0120014576241374,0.00521609187126159,3.027319908142e-4,2.1624565124511e-4,XArbitraryZVertical,-0.2256432350252419,0.2570762749715761,-0.1353087409534084,0.9298863599997694,0.4170404374599457,0.4892144799232483,-0.7659938335418701,0,0,0,-1,-1,tashahhud
2023-05-08T04:36:08Z,212974.719790125,0.411773681640625,0.4811248779296875,-0.7647857666015625,212974.669889125,-0.1561417484472937,0.4985672502203747,-0.511188853649407,0.00733309332281351,-0.01954900287091732,-0.0120014576241374,0.00521609187126159,3.027319908142e-4,2.1624565124511e-4,XArbitraryZVertical,-0.2256432350252419,0.2570762749715761,-0.1353087409534084,0.9298863599997694,0.4170404374599457,0.4892144799232483,-0.7659938335418701,0,0,0,-1,-1,tashahhud
2023-05-08T04:36:09Z,212974.753465125,0.4120635986328125,0.496826171875,-0.765838623046875,212974.729770125,-0.1557550146689373,0.4976862661419451,-0.5124106962358503,-0.0155469523742795,0.00735065434128046,-0.00192592001985758,-0.00520628690719604,-0.00773581862449646,6.6792964935302e-4,XArbitraryZVertical,-0.2263264883923591,0.2566295864378692,-0.1351629548976197,0.9298649150402886,0.4160797894001007,0.49027973413467407,-0.765835165977478,0,0,0,-1,-1,tashahhud
2023-05-08T04:36:09Z,212974.787141125,0.413726806640625,0.4854736328125,-0.7608642578125,212974.729770125,-0.1557550146689373,0.4976862661419451,-0.5124106962358503,-0.0155469523742795,0.00735065434128046,-0.00192592001985758,-0.00520628690719604,-0.00773581862449646,6.6792964935302e-4,XArbitraryZVertical,-0.2263264883923591,0.2566295864378692,-0.1351629548976197,0.9298649150402886,0.4160797894001007,0.49027973413467407,-0.765835165977478,0,0,0,-1,-1,tashahhud
2023-05-08T04:36:09Z,212974.820846125,0.4191436767578125,0.4869537353515625,-0.7668609619140625,212974.789651125,-0.1558451352686216,0.4984525272822022,-0.5111856020846018,0.01237784512341022,0.01344003900885582,0.00960476789623498,-0.00136485695838928,-0.00233420729637146,0.00646054744720459,XArbitraryZVertical,-0.2256875827423469,0.256989446519042,-0.1351575275187133,0.9299215972899848,0.4169533252716064,0.48921161890029907,-0.7660430669784546,0,0,0,-1,-1,tashahhud
2023-05-08T04:36:09Z,212974.854522125,0.4087677001953125,0.4893951416015625,-0.7626190185546875,212974.849531125,-0.155765645203881,0.4981457944144703,-0.5118700468639972,-0.00320971081964671,0.01312838215380907,0.00114443828351795,-0.00234311819076538,-9.9322199821472e-4,0.00272351503372192,XArbitraryZVertical,-0.2260400966636936,0.2568415731405775,-0.1351608203781467,0.9298762392250958,0.4165582358837128,0.4898084700107574,-0.7658765912055969,0,0,0,-1,-1,tashahhud
2023-05-08T04:36:09Z,212974.888197125,0.41864013671875,0.4899444580078125,-0.76202392578125,212974.849531125,-0.155765645203881,0.4981457944144703,-0.5118700468639972,-0.00320971081964671,0.01312838215380907,0.00114443828351795,-0.00234311819076538,-9.9322199821472e-4,0.00272351503372192,XArbitraryZVertical,-0.2260400966636936,0.2568415731405775,-0.1351608203781467,0.9298762392250958,0.4165582358837128,0.4898084700107574,-0.7658765912055969,0,0,0,-1,-1,tashahhud
2023-05-08T04:36:09Z,212974.921872125,0.4142303466796875,0.4805755615234375,-0.7597503662109375,212974.909412125,-0.1561341018944944,0.4985158537847512,-0.510741033991185,0.01083343382924795,0.01691792719066143,0.01144048478454351,-0.00205138325691223,-0.00736328959465026,-3.9398670196533e-4,XArbitraryZVertical,-0.2254373071005029,0.257049072115051,-0.1352503965939384,0.9299522639580954,0.4171057641506195,0.4888238608837128,-0.7662075757980347,0,0,0,-1,-1,tashahhud
2023-05-08T04:36:09Z,212974.955578125,0.418701171875,0.4898681640625,-0.7647857666015625,212974.909412125,-0.1561341018944944,0.4985158537847512,-0.510741033991185,0.01083343382924795,0.01691792719066143,0.01144048478454351,-0.00205138325691223,-0.00736328959465026,-3.9398670196533e-4,XArbitraryZVertical,-0.2254373071005029,0.257049072115051,-0.1352503965939384,0.9299522639580954,0.4171057641506195,0.4888238608837128,-0.7662075757980347,0,0,0,-1,-1,tashahhud
2023-05-08T04:36:09Z,212974.989253125,0.414337158203125,0.490570068359375,-0.763031005859375,212974.969293125,-0.1556107487556493,0.4985614540132809,-0.5118330545902091,-0.022918701171875,6.9754570722579e-4,-0.00171020394191145,-7.605552673339844e-5,0.00187718868255615,0.00096404552459716005,XArbitraryZVertical,-0.226014508249833,0.2570170872687256,-0.1351317008008985,0.9298383212945804,0.4168852269649506,0.489776223897934,-0.7657192945480347,0,0,0,-1,-1,tashahhud
2023-05-08T04:36:09Z,212975.022929125,0.41650390625,0.498321533203125,-0.75830078125,212974.969293125,-0.1556107487556493,0.4985614540132809,-0.5118330545902091,-0.022918701171875,6.9754570722579e-4,-0.00171020394191145,-7.605552673339844e-5,0.00187718868255615,0.00096404552459716005,XArbitraryZVertical,-0.226014508249833,0.2570170872687256,-0.1351317008008985,0.9298383212945804,0.4168852269649506,0.489776223897934,-0.7657192945480347,0,0,0,-1,-1,tashahhud
2023-05-08T04:36:09Z,212975.056604125,0.4124755859375,0.4830322265625,-0.7624053955078125,212975.029174125,-0.1553801439215099,0.4987440113957013,-0.5112566404219281,0.00759724900126457,-0.01097389124333858,0.00159531156532466,-6.5597891807556e-4,0.00904792547225952,0.00759017467498779,XArbitraryZVertical,-0.22576102761949501,0.2570728693861684,-0.1349819967667491,0.9299062224068406,0.4171599745750427,0.4892735779285431,-0.7658910155296326,0,0,0,-1,-1,tashahhud
2023-05-08T04:36:09Z,212975.090309125,0.4173736572265625,0.4916534423828125,-0.7657318115234375,212975.029174125,-0.1553801439215099,0.4987440113957013,-0.5112566404219281,0.00759724900126457,-0.01097389124333858,0.00159531156532466,-6.5597891807556e-4,0.00904792547225952,0.00759017467498779,XArbitraryZVertical,-0.22576102761949501,0.2570728693861684,-0.1349819967667491,0.9299062224068406,0.4171599745750427,0.4892735779285431,-0.7658910155296326,0,0,0,-1,-1,tashahhud
2023-05-08T04:36:09Z,212975.123985125,0.4162445068359375,0.4925384521484375,-0.7623443603515625,212975.089054125,-0.1549958205762128,0.4989979203194515,-0.5116511837553381,-0.015032666735351091,0.00206055119633674,0.00105974986217916,-0.00388604402542114,0.00108972191810607,1.5830993652343e-4,XArbitraryZVertical,-0.2259786688960918,0.2571495999309617,-0.1348752339183021,0.9298475370800676,0.4172619879245758,0.489617645740509,-0.7656154632568359,0,0,0,-1,-1,tashahhud
2023-05-08T04:36:09Z,212975.157660125,0.4199371337890625,0.491943359375,-0.7584075927734375,212975.148935125,-0.1552585258625496,0.4989378735738747,-0.5111510816275889,0.04171441495418549,-0.00407204311341047,0.0062611699104309,6.6620111465454e-4,0.00358578562736511,0.00758516788482666,XArbitraryZVertical,-0.2257139941624333,0.2571487314391273,-0.1349357742824693,0.9299033465058988,0.4173331558704376,0.4891815185546875,-0.7658554315567017,0,0,0,-1,-1,tashahhud
2023-05-08T04:36:09Z,212975.191336125,0.4127349853515625,0.482391357421875,-0.7670440673828125,212975.148935125,-0.1552585258625496,0.4989378735738747,-0.5111510816275889,0.04171441495418549,-0.00407204311341047,0.0062611699104309,6.6620111465454e-4,0.00358578562736511,0.00758516788482666,XArbitraryZVertical,-0.2257139941624333,0.2571487314391273,-0.1349357742824693,0.9299033465058988,0.4173331558704376,0.4891815185546875,-0.7658554315567017,0,0,0,-1,-1,tashahhud
2023-05-08T04:36:09Z,212975.225041125,0.4163360595703125,0.4853668212890625,-0.763092041015625,212975.208816125,-0.1556024396868795,0.4990784499154733,-0.5106820476663982,-0.00724587962031364,0.00701256562024354,0.00683960784226656,-0.00129073858261108,-0.00986003875732421,5.2571296691894e-4,XArbitraryZVertical,-0.225439934899926,0.2572504157718392,-0.135060147767576,0.92992359249817,0.4175505638122559,0.4887723922729492,-0.765998125076294,0,0,0,-1,-1,tashahhud
2023-05-08T04:36:09Z,212975.258717125,0.4201812744140625,0.4903106689453125,-0.764739990234375,212975.208816125,-0.1556024396868795,0.4990784499154733,-0.5106820476663982,-0.00724587962031364,0.00701256562024354,0.00683960784226656,-0.00129073858261108,-0.00986003875732421,5.2571296691894e-4,XArbitraryZVertical,-0.225439934899926,0.2572504157718392,-0.135060147767576,0.92992359249817,0.4175505638122559,0.4887723922729492,-0.765998125076294,0,0,0,-1,-1,tashahhud
2023-05-08T04:36:09Z,212975.292392625,0.4191436767578125,0.4836883544921875,-0.7629547119140625,212975.268697125,-0.1553039259085354,0.4997996389679074,-0.5106708492826797,0.02784672752022743,0.01225466653704643,0.00977867282927036,-5.9443712234497e-4,0.0010445117950439401,7.4797868728637e-4,XArbitraryZVertical,-0.2254244006483497,0.2575520203017857,-0.1350014153805691,0.9298524056426476,0.4181055128574371,0.4887626171112061,-0.7657015919685364,0,0,0,-1,-1,tashahhud
2023-05-08T04:36:09Z,212975.326068625,0.4149627685546875,0.4843292236328125,-0.7631072998046875,212975.268697125,-0.1553039259085354,0.4997996389679074,-0.5106708492826797,0.02784672752022743,0.01225466653704643,0.00977867282927036,-5.9443712234497e-4,0.0010445117950439401,7.4797868728637e-4,XArbitraryZVertical,-0.2254244006483497,0.2575520203017857,-0.1350014153805691,0.9298524056426476,0.4181055128574371,0.4887626171112061,-0.7657015919685364,0,0,0,-1,-1,tashahhud
2023-05-08T04:36:09Z,212975.359773625,0.419586181640625,0.4918975830078125,-0.765472412109375,212975.328578625,-0.1549345099863593,0.4998845936553256,-0.5103922575100954,-0.01743309199810028,-0.00494822300970554,0.00489683263003826,-0.00312039256095886,-0.00538054108619689,0.0035022497177124,XArbitraryZVertical,-0.2253353650477884,0.2575484428666868,-0.1348086376740728,0.9299029479459824,0.4182358086109161,0.488519549369812,-0.7657855749130249,0,0,0,-1,-1,tashahhud
2023-05-08T04:36:09Z,212975.393448625,0.41748046875,0.488739013671875,-0.759857177734375,212975.388458625,-0.1550861697793177,0.4994118320203362,-0.5097520028221576,0.01411536429077387,-0.00761604402214288,-4.6677410136908e-4,-3.1405687332153e-4,0.0040283203125,0.00487458705902099,XArbitraryZVertical,-0.2250468867061322,0.2573423334158451,-0.1347556058010973,0.9300376373776356,0.4180234670639038,0.4879607856273651,-0.766257643699646,0,0,0,-1,-1,tashahhud
2023-05-08T04:36:09Z,212975.427124625,0.4155731201171875,0.4813995361328125,-0.7627716064453125,212975.388458625,-0.1550861697793177,0.4994118320203362,-0.5097520028221576,0.01411536429077387,-0.00761604402214288,-4.6677410136908e-4,-3.1405687332153e-4,0.0040283203125,0.00487458705902099,XArbitraryZVertical,-0.2250468867061322,0.2573423334158451,-0.1347556058010973,0.9300376373776356,0.4180234670639038,0.4879607856273651,-0.766257643699646,0,0,0,-1,-1,tashahhud
2023-05-08T04:36:09Z,212975.460799625,0.413818359375,0.4896240234375,-0.7637939453125,212975.448339625,-0.1549155470868217,0.499467184703477,-0.5102148615476823,-0.01691022515296936,-0.0024207504466176,0.00237375334836542,-0.00214031338691711,-0.00124320387840271,0.00105202198028564,XArbitraryZVertical,-0.2252825812806019,0.2573512876661087,-0.1347333019887646,0.9299813038143848,0.4179576337337494,0.4883647561073303,-0.7660361528396606,0,0,0,-1,-1,tashahhud
2023-05-08T04:36:09Z,212975.494505625,0.4189300537109375,0.4956817626953125,-0.7609710693359375,212975.448339625,-0.1549155470868217,0.499467184703477,-0.5102148615476823,-0.01691022515296936,-0.0024207504466176,0.00237375334836542,-0.00214031338691711,-0.00124320387840271,0.00105202198028564,XArbitraryZVertical,-0.2252825812806019,0.2573512876661087,-0.1347333019887646,0.9299813038143848,0.4179576337337494,0.4883647561073303,-0.7660361528396606,0,0,0,-1,-1,tashahhud
2023-05-08T04:36:09Z,212975.528180625,0.416717529296875,0.4818267822265625,-0.761077880859375,212975.508220625,-0.1547309747810685,0.4999519949556664,-0.5095314901503811,0.01983878016471863,0.00623192731291055,0.0085416343063116,0.00112789869308471,0.00707417726516723,0.00562810897827148,XArbitraryZVertical,-0.2249526448666438,0.2575524403320114,-0.1346270141811045,0.930020787477642,0.4184888303279877,0.487768292427063,-0.7661260962486267,0,0,0,-1,-1,tashahhud
2023-05-08T04:36:09Z,212975.561856625,0.4185333251953125,0.4831390380859375,-0.7608795166015625,212975.508220625,-0.1547309747810685,0.4999519949556664,-0.5095314901503811,0.01983878016471863,0.00623192731291055,0.0085416343063116,0.00112789869308471,0.00707417726516723,0.00562810897827148,XArbitraryZVertical,-0.2249526448666438,0.2575524403320114,-0.1346270141811045,0.930020787477642,0.4184888303279877,0.487768292427063,-0.7661260962486267,0,0,0,-1,-1,tashahhud
2023-05-08T04:36:09Z,212975.595531625,0.4243927001953125,0.4887237548828125,-0.7628326416015625,212975.568101625,-0.1542994987925451,0.500210106997218,-0.5101484327627829,-0.02056340128183365,5.532335489988327e-5,0.00289733079262077,-8.761882781982422e-6,-0.00516778230667114,0.00487434864044189,XArbitraryZVertical,-0.2252806881663499,0.2576270193812263,-0.1345232549447972,0.9299357578664442,0.4185421764850616,0.4883067905902863,-0.7657538652420044,0,0,0,-1,-1,tashahhud
2023-05-08T04:36:09Z,212975.629237625,0.417022705078125,0.4908599853515625,-0.7613983154296875,212975.568101625,-0.1542994987925451,0.500210106997218,-0.5101484327627829,-0.02056340128183365,5.532335489988327e-5,0.00289733079262077,-8.761882781982422e-6,-0.00516778230667114,0.00487434864044189,XArbitraryZVertical,-0.2252806881663499,0.2576270193812263,-0.1345232549447972,0.9299357578664442,0.4185421764850616,0.4883067905902863,-0.7657538652420044,0,0,0,-1,-1,tashahhud
2023-05-08T04:36:09Z,212975.662912625,0.4130859375,0.486846923828125,-0.767486572265625,212975.627982625,-0.1544003172243544,0.4996956671252987,-0.5101043276580406,0.01186724379658699,-0.00812098104506731,-0.00455046538263559,-0.00235643982887268,0.00518566370010376,0.00426924228668212,XArbitraryZVertical,-0.2252815833372198,0.2573989418962223,-0.1345073344104419,0.930001019835432,0.4181585013866425,0.4882682859897614,-0.7659879922866821,0,0,0,-1,-1,tashahhud
2023-05-08T04:36:09Z,212975.696588625,0.4191741943359375,0.48779296875,-0.7653656005859375,212975.687863625,-0.1540574389765373,0.5005920646283066,-0.5099393118915341,-0.00141064194031059,0.01052201353013515,-4.7103513497859e-4,-0.00547721982002258,-0.00205561518669128,-0.00105535984039306,XArbitraryZVertical,-0.225187961579831,0.2577763290674267,-0.1344307205118231,0.9299301848497764,0.4188836216926575,0.488124281167984,-0.7656834721565247,0,0,0,-1,-1,tashahhud
2023-05-08T04:36:09Z,212975.730263625,0.414520263671875,0.490997314453125,-0.76385498046875,212975.687863625,-0.1540574389765373,0.5005920646283066,-0.5099393118915341,-0.00141064194031059,0.01052201353013515,-4.7103513497859e-4,-0.00547721982002258,-0.00205561518669128,-0.00105535984039306,XArbitraryZVertical,-0.225187961579831,0.2577763290674267,-0.1344307205118231,0.9299301848497764,0.4188836216926575,0.488124281167984,-0.7656834721565247,0,0,0,-1,-1,tashahhud
2023-05-08T04:36:10Z,212975.763969625,0.417938232421875,0.4797515869140625,-0.764984130859375,212975.747743625,-0.1550022522413678,0.5008328473582345,-0.5087874414589185,0.01904436014592648,0.01860976591706276,0.00134870270267128,1.1125206947326e-4,4.4542551040649e-4,0.00638598203659057,XArbitraryZVertical,-0.2245087753084423,0.2579886508133396,-0.1347702700935753,0.9299864416796289,0.4193376898765564,0.4871186316013336,-0.7660753130912781,0,0,0,-1,-1,tashahhud
2023-05-08T04:36:10Z,212975.797644625,0.425140380859375,0.4888153076171875,-0.7554168701171875,212975.747743625,-0.1550022522413678,0.5008328473582345,-0.5087874414589185,0.01904436014592648,0.01860976591706276,0.00134870270267128,1.1125206947326e-4,4.4542551040649e-4,0.00638598203659057,XArbitraryZVertical,-0.2245087753084423,0.2579886508133396,-0.1347702700935753,0.9299864416796289,0.4193376898765564,0.4871186316013336,-0.7660753130912781,0,0,0,-1,-1,tashahhud
2023-05-08T04:36:10Z,212975.831320625,0.4076080322265625,0.51470947265625,-0.7673187255859375,212975.807624625,-0.1544084989766042,0.5015636638217451,-0.5096637307874606,0.03218084573745728,-0.02299679815769196,-0.00277387048117816,0.00981244444847106,0.00285416841506958,0.02267253398895264,XArbitraryZVertical,-0.2249478528944053,0.2582662075693337,-0.1346729156123468,0.9298173119719784,0.4196920096874237,0.4878837466239929,-0.7653940320014954,0,0,0,-1,-1,tashahhud
2023-05-08T04:36:10Z,212975.864995625,0.4119873046875,0.4742279052734375,-0.7763671875,212975.807624625,-0.1544084989766042,0.5015636638217451,-0.5096637307874606,0.03218084573745728,-0.02299679815769196,-0.00277387048117816,0.00981244444847106,0.00285416841506958,0.02267253398895264,XArbitraryZVertical,-0.2249478528944053,0.2582662075693337,-0.1346729156123468,0.9298173119719784,0.4196920096874237,0.4878837466239929,-0.7653940320014954,0,0,0,-1,-1,tashahhud
