loggingTime(txt),accelerometerTimestamp_sinceReboot(s),accelerometerAccelerationX(G),accelerometerAccelerationY(G),accelerometerAccelerationZ(G),motionTimestamp_sinceReboot(s),motionYaw(rad),motionRoll(rad),motionPitch(rad),motionRotationRateX(rad/s),motionRotationRateY(rad/s),motionRotationRateZ(rad/s),motionUserAccelerationX(G),motionUserAccelerationY(G),motionUserAccelerationZ(G),motionAttitudeReferenceFrame(txt),motionQuaternionX(R),motionQuaternionY(R),motionQuaternionZ(R),motionQuaternionW(R),motionGravityX(G),motionGravityY(G),motionGravityZ(G),motionMagneticFieldX(µT),motionMagneticFieldY(µT),motionMagneticFieldZ(µT),motionHeading(°),motionMagneticFieldCalibrationAccuracy(Z),label
2023-05-08T04:33:17Z,212838.483101875,0.8353271484375,0.28228759765625,0.470458984375,212838.421966875,0.3663107261522505,2.083437722074694,-0.2899518983380701,0.00570609420537948,-0.01711347699165344,0.00856400467455387,0.00254040956497192,-0.0036185085773468,-0.00348472595214843,XArbitraryZVertical,-0.2272801357807987,0.8266482500609003,-0.0316649078755877,0.5138034819482806,0.8350759148597717,0.2859061360359192,0.4700071811676025,0,0,0,-1,-1,ruku
2023-05-08T04:33:17Z,212838.516777875,0.8349151611328125,0.2800445556640625,0.4664764404296875,212838.481846875,0.3662099492411784,2.082278748420432,-0.2895156310372092,0.0052678408101201,-0.00483344029635191,0.00538046192377805,-0.00421595573425293,-0.0027579665184021,-0.00164681673049926,XArbitraryZVertical,-0.2271545311705413,0.8264083817526482,-0.03137306244243451,0.5142625226437723,0.835728645324707,0.2854880392551422,0.4690999984741211,0,0,0,-1,-1,ruku
2023-05-08T04:33:17Z,212838.550452875,0.835601806640625,0.2854766845703125,0.4668121337890625,212838.541727875,0.3662835186600441,2.081938915680025,-0.2905403917450495,-0.0066353790462017,-0.01183722075074911,-0.0138640720397234,0.00137346982955932,0.00550690293312072,-0.00288254022598266,XArbitraryZVertical,-0.2274305687517633,0.8262031337234068,-0.03175253571318062,0.5144469423610736,0.8356323838233948,0.2864699959754944,0.4686725735664368,0,0,0,-1,-1,ruku
2023-05-08T04:33:17Z,212838.584127875,0.8259124755859375,0.283660888671875,0.466278076171875,212838.541727875,0.3662835186600441,2.081938915680025,-0.2905403917450495,-0.0066353790462017,-0.01183722075074911,-0.0138640720397234,0.00137346982955932,0.00550690293312072,-0.00288254022598266,XArbitraryZVertical,-0.2274305687517633,0.8262031337234068,-0.03175253571318062,0.5144469423610736,0.8356323838233948,0.2864699959754944,0.4686725735664368,0,0,0,-1,-1,ruku
2023-05-08T04:33:17Z,212838.617833875,0.840850830078125,0.2871246337890625,0.4692840576171875,212838.601607875,0.3665383146292128,2.081578078880832,-0.2894011933463412,-0.00654009729623794,0.00586401112377643,0.01789039559662342,-0.00800621509552002,-0.00322812795639038,-0.0059446096420288,XArbitraryZVertical,-0.2272743151330875,0.8262030647765489,-0.03116021038738286,0.514552311563555,0.8360855579376221,0.2853783667087555,0.4685302376747131,0,0,0,-1,-1,ruku
2023-05-08T04:33:17Z,212838.651508875,0.834930419921875,0.287689208984375,0.4674072265625,212838.601607875,0.3665383146292128,2.081578078880832,-0.2894011933463412,-0.00654009729623794,0.00586401112377643,0.01789039559662342,-0.00800621509552002,-0.00322812795639038,-0.0059446096420288,XArbitraryZVertical,-0.2272743151330875,0.8262030647765489,-0.03116021038738286,0.514552311563555,0.8360855579376221,0.2853783667087555,0.4685302376747131,0,0,0,-1,-1,ruku
2023-05-08T04:33:17Z,212838.685183875,0.8325958251953125,0.2878265380859375,0.4680023193359375,212838.661488875,0.3672020827681198,2.081131648405444,-0.2898924932427578,-0.00782816484570503,-0.00414408091455698,-0.00485273404046893,-0.00133317708969116,2.2250413894653e-4,-5.8943033218383e-4,XArbitraryZVertical,-0.2276707121886226,0.8259601674612366,-0.03114810842251868,0.5147675996839085,0.8361720442771912,0.2858492136001587,0.468088299036026,0,0,0,-1,-1,ruku
2023-05-08T04:33:17Z,212838.718859875,0.8350067138671875,0.287261962890625,0.46197509765625,212838.661488875,0.3672020827681198,2.081131648405444,-0.2898924932427578,-0.00782816484570503,-0.00414408091455698,-0.00485273404046893,-0.00133317708969116,2.2250413894653e-4,-5.8943033218383e-4,XArbitraryZVertical,-0.2276707121886226,0.8259601674612366,-0.03114810842251868,0.5147675996839085,0.8361720442771912,0.2858492136001587,0.468088299036026,0,0,0,-1,-1,ruku
2023-05-08T04:33:17Z,212838.752564875,0.8380889892578125,0.2868499755859375,0.4658355712890625,212838.721369875,0.3675578943881252,2.081205945762648,-0.2896405388577764,-0.00279832631349563,0.0121091241016984,-0.01166483387351036,-0.00197154283523559,-2.6845932006835e-4,-0.00675976276397705,XArbitraryZVertical,-0.2277573791465118,0.825965742398551,-0.03095756756986333,0.5147318947847116,0.8362001776695251,0.2856077551841736,0.4681856632232666,0,0,0,-1,-1,ruku
2023-05-08T04:33:17Z,212838.786239875,0.8347625732421875,0.284423828125,0.47271728515625,212838.781249875,0.3676563240663479,2.081311061631934,-0.2900624803340853,-0.01013943366706371,-0.00429108832031488,0.01353772450238466,0.00225698947906494,0.00562906265258789,0.00476226210594177,XArbitraryZVertical,-0.2278953842835342,0.8259364321078252,-0.0311240995603584,0.5147077488970729,0.8360456824302673,0.2860120832920074,0.4682146012783051,0,0,0,-1,-1,ruku
2023-05-08T04:33:17Z,212838.819915875,0.83221435546875,0.2832794189453125,0.4686279296875,212838.781249875,0.3676563240663479,2.081311061631934,-0.2900624803340853,-0.01013943366706371,-0.00429108832031488,0.01353772450238466,0.00225698947906494,0.00562906265258789,0.00476226210594177,XArbitraryZVertical,-0.2278953842835342,0.8259364321078252,-0.0311240995603584,0.5147077488970729,0.8360456824302673,0.2860120832920074,0.4682146012783051,0,0,0,-1,-1,ruku
2023-05-08T04:33:18Z,212838.853590875,0.8298797607421875,0.2855224609375,0.4669647216796875,212838.841130875,0.3682328375508037,2.081479388704449,-0.2906656888507269,0.00506693497300148,0.0050184573046863,-0.00417282897979021,-0.0044257640838623,-6.2513351440429e-4,-7.4160099029541e-4,XArbitraryZVertical,-0.2282722811883072,0.8258494072358328,-0.03125208948499868,0.5146726829642831,0.8358162641525269,0.286590039730072,0.4682709574699402,0,0,0,-1,-1,ruku
2023-05-08T04:33:18Z,212838.887296875,0.831390380859375,0.282623291015625,0.4670867919921875,212838.841130875,0.3682328375508037,2.081479388704449,-0.2906656888507269,0.00506693497300148,0.0050184573046863,-0.00417282897979021,-0.0044257640838623,-6.2513351440429e-4,-7.4160099029541e-4,XArbitraryZVertical,-0.2282722811883072,0.8258494072358328,-0.03125208948499868,0.5146726829642831,0.8358162641525269,0.286590039730072,0.4682709574699402,0,0,0,-1,-1,ruku
2023-05-08T04:33:18Z,212838.920971875,0.8372955322265625,0.2874755859375,0.4705047607421875,212838.901011875,0.3680128812680739,2.081712491717211,-0.2904892854181539,-0.00308270752429962,0.00595449237152934,-0.00685889367014169,-0.0032009482383728,-0.00327897071838378,-5.1850080490112e-4,XArbitraryZVertical,-0.2281364458596453,0.8259534014629124,-0.03126006999587327,0.5145655759695286,0.8357512354850769,0.2864210307598114,0.4684905111789703,0,0,0,-1,-1,ruku
2023-05-08T04:33:18Z,212838.954646875,0.8294830322265625,0.286895751953125,0.4679412841796875,212838.901011875,0.3680128812680739,2.081712491717211,-0.2904892854181539,-0.00308270752429962,0.00595449237152934,-0.00685889367014169,-0.0032009482383728,-0.00327897071838378,-5.1850080490112e-4,XArbitraryZVertical,-0.2281364458596453,0.8259534014629124,-0.03126006999587327,0.5145655759695286,0.8357512354850769,0.2864210307598114,0.4684905111789703,0,0,0,-1,-1,ruku
2023-05-08T04:33:18Z,212838.988322875,0.8337249755859375,0.2799530029296875,0.4689178466796875,212838.960891875,0.3687240122552675,2.082031401398323,-0.2901945569472147,-0.02350407838821411,0.00294838193804025,0.02519464679062366,-0.006192147731781,7.5709819793701e-4,-8.5681676864624e-4,XArbitraryZVertical,-0.2283560845530417,0.8259858749047997,-0.03098785740052343,0.5144325103967414,0.8356754183769226,0.286138653755188,0.4687983393669128,0,0,0,-1,-1,ruku
2023-05-08T04:33:18Z,212839.022027875,0.835235595703125,0.2867584228515625,0.4664306640625,212838.960891875,0.3687240122552675,2.082031401398323,-0.2901945569472147,-0.02350407838821411,0.00294838193804025,0.02519464679062366,-0.006192147731781,7.5709819793701e-4,-8.5681676864624e-4,XArbitraryZVertical,-0.2283560845530417,0.8259858749047997,-0.03098785740052343,0.5144325103967414,0.8356754183769226,0.286138653755188,0.4687983393669128,0,0,0,-1,-1,ruku
2023-05-08T04:33:18Z,212839.055703875,0.83392333984375,0.285736083984375,0.468597412109375,212839.020772875,0.3691536353118558,2.082257887518309,-0.2896757084726704,-0.00296533619984984,0.00213891454041004,-0.01718663237988949,9.1052055358886e-4,6.1339139938354e-4,-0.0018053650856018,XArbitraryZVertical,-0.2284084531880504,0.8260506482937663,-0.03068199021304906,0.5143235738695584,0.8356986045837402,0.2856414616107941,0.4690601825714111,0,0,0,-1,-1,ruku
2023-05-08T04:33:18Z,212839.089378875,0.837554931640625,0.285400390625,0.46759033203125,212839.080653875,0.3696343085339217,2.082621043905635,-0.2894513691674086,-0.00900887697935104,4.2130891233682e-4,0.01018134225159883,-0.0034915804862976,-0.00117051601409912,-1.1074542999267e-4,XArbitraryZVertical,-0.228548886958359,0.8261131283693732,-0.03050422548999018,0.514171345992015,0.8355839848518372,0.2854264676570892,0.4693949818611145,0,0,0,-1,-1,ruku
2023-05-08T04:33:18Z,212839.123053875,0.83233642578125,0.2891845703125,0.4649658203125,212839.080653875,0.3696343085339217,2.082621043905635,-0.2894513691674086,-0.00900887697935104,4.2130891233682e-4,0.01018134225159883,-0.0034915804862976,-0.00117051601409912,-1.1074542999267e-4,XArbitraryZVertical,-0.228548886958359,0.8261131283693732,-0.03050422548999018,0.514171345992015,0.8355839848518372,0.2854264676570892,0.4693949818611145,0,0,0,-1,-1,ruku
2023-05-08T04:33:18Z,212839.1567585,0.83453369140625,0.2870635986328125,0.4729766845703125,212839.1405335,0.3704302637635544,2.082741249084262,-0.2896552523006334,-0.00312863243743777,0.00100074615329504,-0.00485939206555485,-0.00225520133972168,0.00167062878608703,-0.00347864627838134,XArbitraryZVertical,-0.2289235503191825,0.8260311706019066,-0.0304002842390965,0.5141425831145376,0.8354769349098206,0.285621851682663,0.4694669842720032,0,0,0,-1,-1,ruku
2023-05-08T04:33:18Z,212839.1904335,0.8318023681640625,0.283843994140625,0.4644775390625,212839.1405335,0.3704302637635544,2.082741249084262,-0.2896552523006334,-0.00312863243743777,0.00100074615329504,-0.00485939206555485,-0.00225520133972168,0.00167062878608703,-0.00347864627838134,XArbitraryZVertical,-0.2289235503191825,0.8260311706019066,-0.0304002842390965,0.5141425831145376,0.8354769349098206,0.285621851682663,0.4694669842720032,0,0,0,-1,-1,ruku
2023-05-08T04:33:18Z,212839.2241095,0.8420867919921875,0.2878570556640625,0.4739990234375,212839.2004135,0.3708419048005319,2.083141900921408,-0.2896119305315807,-0.00167753500863909,0.01145325414836407,-0.00671987608075141,-0.00396984815597534,-0.00166010856628418,-0.00517737865447998,XArbitraryZVertical,-0.2290773646803868,0.8260916198172391,-0.03032190011906706,0.5139813869188612,0.8352993130683899,0.2855803370475769,0.4698075950145721,0,0,0,-1,-1,ruku
2023-05-08T04:33:18Z,212839.2577845,0.8338623046875,0.28485107421875,0.4705352783203125,212839.2004135,0.3708419048005319,2.083141900921408,-0.2896119305315807,-0.00167753500863909,0.01145325414836407,-0.00671987608075141,-0.00396984815597534,-0.00166010856628418,-0.00517737865447998,XArbitraryZVertical,-0.2290773646803868,0.8260916198172391,-0.03032190011906706,0.5139813869188612,0.8352993130683899,0.2855803370475769,0.4698075950145721,0,0,0,-1,-1,ruku
2023-05-08T04:33:18Z,212839.2914905,0.827850341796875,0.2794342041015625,0.4639739990234375,212839.2602945,0.3709319305011249,2.082973771155384,-0.2898240737277853,-0.00656200898811221,-0.00393409095704555,0.00253247772343456,-0.00198179483413696,-7.9533457756042e-4,8.6736679077148e-4,XArbitraryZVertical,-0.229166761991554,0.8260152970955592,-0.03036999028619881,0.5140612130268074,0.8353252410888672,0.2857836484909058,0.4696373641490936,0,0,0,-1,-1,ruku
2023-05-08T04:33:18Z,212839.3251655,0.8338623046875,0.289703369140625,0.4702911376953125,212839.3201755,0.3717245216337103,2.083247695759958,-0.2895030335363069,0.00400393456220626,0.00341157242655754,-0.00976546760648489,-0.00232982635498046,-0.00482109189033508,-0.00258010625839233,XArbitraryZVertical,-0.2294148261722763,0.8260293435506669,-0.03006075920009557,0.513946374564711,0.8352767825126648,0.2854759693145752,0.4699112772941589,0,0,0,-1,-1,ruku
2023-05-08T04:33:18Z,212839.3588405,0.8375701904296875,0.287841796875,0.4721832275390625,212839.3201755,0.3717245216337103,2.083247695759958,-0.2895030335363069,0.00400393456220626,0.00341157242655754,-0.00976546760648489,-0.00232982635498046,-0.00482109189033508,-0.00258010625839233,XArbitraryZVertical,-0.2294148261722763,0.8260293435506669,-0.03006075920009557,0.513946374564711,0.8352767825126648,0.2854759693145752,0.4699112772941589,0,0,0,-1,-1,ruku
2023-05-08T04:33:18Z,212839.3925165,0.8293304443359375,0.2838592529296875,0.462677001953125,212839.3800565,0.371582440502786,2.083011624584048,-0.2895745266464958,-0.00281507475301623,0.00492165191099047,-0.00774332880973815,-0.0031096339225769,-0.00186845660209655,-0.00145742297172546,XArbitraryZVertical,-0.2293764389127118,0.825977261441682,-0.03010070177855011,0.5140447350916232,0.8353697657585144,0.2855444848537445,0.4697039723396301,0,0,0,-1,-1,ruku
2023-05-08T04:33:18Z,212839.4262215,0.8311309814453125,0.2841033935546875,0.4694976806640625,212839.3800565,0.371582440502786,2.083011624584048,-0.2895745266464958,-0.00281507475301623,0.00492165191099047,-0.00774332880973815,-0.0031096339225769,-0.00186845660209655,-0.00145742297172546,XArbitraryZVertical,-0.2293764389127118,0.825977261441682,-0.03010070177855011,0.5140447350916232,0.8353697657585144,0.2855444848537445,0.4697039723396301,0,0,0,-1,-1,ruku
2023-05-08T04:33:18Z,212839.4598975,0.8352508544921875,0.2908477783203125,0.46990966796875,212839.4399375,0.3722441601410243,2.083823351287878,-0.289834260795758,0.00218734797090292,0.00777576165273785,-0.01084777619689703,-6.3389539718627e-4,-0.00129333138465881,0.00156307220458984,XArbitraryZVertical,-0.2296982632429168,0.8260820024513239,-0.03013460426828191,0.5137306891107327,0.8349236249923706,0.2857933938503265,0.47034552693367,0,0,0,-1,-1,ruku
2023-05-08T04:33:18Z,212839.4935725,0.8356170654296875,0.2827911376953125,0.4708251953125,212839.4399375,0.3722441601410243,2.083823351287878,-0.289834260795758,0.00218734797090292,0.00777576165273785,-0.01084777619689703,-6.3389539718627e-4,-0.00129333138465881,0.00156307220458984,XArbitraryZVertical,-0.2296982632429168,0.8260820024513239,-0.03013460426828191,0.5137306891107327,0.8349236249923706,0.2857933938503265,0.47034552693367,0,0,0,-1,-1,ruku
2023-05-08T04:33:18Z,212839.5272485,0.841278076171875,0.2845916748046875,0.47357177734375,212839.4998175,0.3725443944311322,2.083436474619821,-0.2891744349771026,-0.01280370447784662,-0.00326184276491403,0.01237845048308372,3.4743547439575e-4,-0.00236997008323669,7.1045756340026e-4,XArbitraryZVertical,-0.2296737603535451,0.8260190082044957,-0.02973162756837798,0.5138663984192047,0.8352696895599365,0.2851610481739044,0.4701148867607117,0,0,0,-1,-1,ruku
2023-05-08T04:33:18Z,212839.5609535,0.836761474609375,0.284912109375,0.4693450927734375,212839.4998175,0.3725443944311322,2.083436474619821,-0.2891744349771026,-0.01280370447784662,-0.00326184276491403,0.01237845048308372,3.4743547439575e-4,-0.00236997008323669,7.1045756340026e-4,XArbitraryZVertical,-0.2296737603535451,0.8260190082044957,-0.02973162756837798,0.5138663984192047,0.8352696895599365,0.2851610481739044,0.4701148867607117,0,0,0,-1,-1,ruku
2023-05-08T04:33:18Z,212839.5946295,0.8304595947265625,0.2794036865234375,0.470123291015625,212839.5596985,0.3728757684526313,2.08329728553406,-0.2890786601272726,0.00237271888181567,-0.00562213640660047,-0.00134961190633475,0.00318789482116699,0.00179597735404968,0.0017440915107727,XArbitraryZVertical,-0.2297902670019622,0.8259554917502794,-0.0295896361157642,0.5139247056801681,0.8353590369224548,0.2850692272186279,0.4700120687484741,0,0,0,-1,-1,ruku
2023-05-08T04:33:18Z,212839.6283045,0.8336944580078125,0.28607177734375,0.46722412109375,212839.6195795,0.3731813903376128,2.083809351971149,-0.2885815669222572,-0.00686025340110063,0.01715454831719398,0.00262488960288465,-0.00169944763183593,-0.00100815296173095,-0.0040479302406311,XArbitraryZVertical,-0.2297926994028579,0.8261052774452774,-0.02935795936564491,0.5136960472841136,0.8352415561676025,0.2845927476882935,0.4705092310905457,0,0,0,-1,-1,ruku
2023-05-08T04:33:18Z,212839.6619805,0.8431854248046875,0.2884674072265625,0.47430419921875,212839.6195795,0.3731813903376128,2.083809351971149,-0.2885815669222572,-0.00686025340110063,0.01715454831719398,0.00262488960288465,-0.00169944763183593,-0.00100815296173095,-0.0040479302406311,XArbitraryZVertical,-0.2297926994028579,0.8261052774452774,-0.02935795936564491,0.5136960472841136,0.8352415561676025,0.2845927476882935,0.4705092310905457,0,0,0,-1,-1,ruku
2023-05-08T04:33:18Z,212839.6956855,0.8358154296875,0.2879791259765625,0.473846435546875,212839.6794605,0.3728431703802319,2.083576815952681,-0.288272456130127,-1.200882252305746e-5,-0.00562513247132301,0.005804437212646,0.00347030162811279,0.00258398056030273,0.00228300690650939,XArbitraryZVertical,-0.2295841317601847,0.8261175039142401,-0.02928631384026484,0.5137735698685265,0.8354273438453674,0.2842963933944702,0.4703580141067505,0,0,0,-1,-1,ruku
2023-05-08T04:33:18Z,212839.7293605,0.8319091796875,0.279022216796875,0.4689483642578125,212839.6794605,0.3728431703802319,2.083576815952681,-0.288272456130127,-1.200882252305746e-5,-0.00562513247132301,0.005804437212646,0.00347030162811279,0.00258398056030273,0.00228300690650939,XArbitraryZVertical,-0.2295841317601847,0.8261175039142401,-0.02928631384026484,0.5137735698685265,0.8354273438453674,0.2842963933944702,0.4703580141067505,0,0,0,-1,-1,ruku
2023-05-08T04:33:18Z,212839.7630365,0.8331756591796875,0.281707763671875,0.4701385498046875,212839.7393415,0.372499104296464,2.082972394868762,-0.2882214303852617,0.01389919128268957,0.00235276669263839,-0.00467510148882865,-0.0043642520904541,-0.00574412941932678,-0.00185778737068176,XArbitraryZVertical,-0.2294389291121471,0.8260071628313408,-0.0292835945987476,0.5140159811021647,0.8357241749763489,0.2842474579811096,0.4698601067066193,0,0,0,-1,-1,ruku
2023-05-08T04:33:18Z,212839.7967115,0.8327178955078125,0.2860565185546875,0.47308349609375,212839.7393415,0.372499104296464,2.082972394868762,-0.2882214303852617,0.01389919128268957,0.00235276669263839,-0.00467510148882865,-0.0043642520904541,-0.00574412941932678,-0.00185778737068176,XArbitraryZVertical,-0.2294389291121471,0.8260071628313408,-0.0292835945987476,0.5140159811021647,0.8357241749763489,0.2842474579811096,0.4698601067066193,0,0,0,-1,-1,ruku
2023-05-08T04:33:18Z,212839.8304175,0.810546875,0.27545166015625,0.4604339599609375,212839.7992215,0.3718232748592347,2.082862233457642,-0.2887500439966836,0.01257922500371933,-0.00760925374925136,0.01181652303785086,-0.00312530994415283,2.0357966423034e-4,0.00345021486282348,XArbitraryZVertical,-0.2292851616108176,0.8259997021482396,-0.02967007654949221,0.5140744584301037,0.8356449007987976,0.2847542464733124,0.4696943759918213,0,0,0,-1,-1,ruku
2023-05-08T04:33:19Z,212839.8640925,0.8347320556640625,0.2830657958984375,0.4742279052734375,212839.8591025,0.371727552858699,2.083488424973681,-0.2884432252604631,-0.0021476421970874,0.01168201863765717,-0.00558430422097444,-0.0062793493270874,-0.0046139657497406,-0.00114405155181884,XArbitraryZVertical,-0.2291645281087287,0.8262044829456394,-0.02963558634839754,0.5138011600012411,0.8354268074035645,0.2844600975513458,0.4702604711055756,0,0,0,-1,-1,ruku
2023-05-08T04:33:19Z,212839.8977685,0.8379974365234375,0.282318115234375,0.4754791259765625,212839.8591025,0.371727552858699,2.083488424973681,-0.2884432252604631,-0.0021476421970874,0.01168201863765717,-0.00558430422097444,-0.0062793493270874,-0.0046139657497406,-0.00114405155181884,XArbitraryZVertical,-0.2291645281087287,0.8262044829456394,-0.02963558634839754,0.5138011600012411,0.8354268074035645,0.2844600975513458,0.4702604711055756,0,0,0,-1,-1,ruku
2023-05-08T04:33:19Z,212839.9314435,0.83306884765625,0.28228759765625,0.469573974609375,212839.9189835,0.3721797520236806,2.084229278128924,-0.2883880017043207,-0.0035952772013843,-6.811413913965225e-5,0.00586888566613197,-0.0036097764968872,-5.0213932991027e-4,-0.00210636854171752,XArbitraryZVertical,-0.2293274591930477,0.8263488525762231,-0.02958080619304816,0.5134994236358087,0.8350919485092163,0.2844071686267853,0.4708870053291321,0,0,0,-1,-1,ruku
2023-05-08T04:33:19Z,212839.9651495,0.843475341796875,0.28436279296875,0.4738922119140625,212839.9189835,0.3721797520236806,2.084229278128924,-0.2883880017043207,-0.0035952772013843,-6.811413913965225e-5,0.00586888566613197,-0.0036097764968872,-5.0213932991027e-4,-0.00210636854171752,XArbitraryZVertical,-0.2293274591930477,0.8263488525762231,-0.02958080619304816,0.5134994236358087,0.8350919485092163,0.2844071686267853,0.4708870053291321,0,0,0,-1,-1,ruku
2023-05-08T04:33:19Z,212839.9988245,0.838714599609375,0.2791748046875,0.470184326171875,212839.9788645,0.3726759542032318,2.084305007727794,-0.2877516544765306,-0.02265114337205887,-0.00727076642215251,-0.00659657176584005,0.00415718555450439,-0.00353890657424926,-0.00204479694366455,XArbitraryZVertical,-0.2293826033704123,0.8263795312081986,-0.02919064893750462,0.5134476804464989,0.8352136611938477,0.2837970554828644,0.4710390269756317,0,0,0,-1,-1,ruku
2023-05-08T04:33:19Z,212840.0325005,0.83099365234375,0.284393310546875,0.4653167724609375,212839.9788645,0.3726759542032318,2.084305007727794,-0.2877516544765306,-0.02265114337205887,-0.00727076642215251,-0.00659657176584005,0.00415718555450439,-0.00353890657424926,-0.00204479694366455,XArbitraryZVertical,-0.2293826033704123,0.8263795312081986,-0.02919064893750462,0.5134476804464989,0.8352136611938477,0.2837970554828644,0.4710390269756317,0,0,0,-1,-1,ruku
2023-05-08T04:33:19Z,212840.0661755,0.8316802978515625,0.28607177734375,0.4656829833984375,212840.0387455,0.3730999460414873,2.084165820166811,-0.2877700493561676,0.01146136224269867,-5.9215724468231e-4,2.5068153627216e-4,-0.00428086519241333,5.7855248451232e-4,-0.00560334324836731,XArbitraryZVertical,-0.2295641164377928,0.826293165252801,-0.02907367642225469,0.5135121350410159,0.8352745771408081,0.2838146686553955,0.4709201455116272,0,0,0,-1,-1,ruku
2023-05-08T04:33:19Z,212840.0998815,0.8345947265625,0.279296875,0.4664154052734375,212840.0387455,0.3730999460414873,2.084165820166811,-0.2877700493561676,0.01146136224269867,-5.9215724468231e-4,2.5068153627216e-4,-0.00428086519241333,5.7855248451232e-4,-0.00560334324836731,XArbitraryZVertical,-0.2295641164377928,0.826293165252801,-0.02907367642225469,0.5135121350410159,0.8352745771408081,0.2838146686553955,0.4709201455116272,0,0,0,-1,-1,ruku
2023-05-08T04:33:19Z,212840.1335565,0.8449554443359375,0.2799072265625,0.4744110107421875,212840.0986265,0.371990296175928,2.083774630773623,-0.2879282240439147,0.01733283326029778,0.01793412305414677,-0.00178876728750765,-0.00170987844467163,-0.00206029415130615,-0.00287407636642456,XArbitraryZVertical,-0.2291483771620497,0.8263030146206906,-0.02938124143188013,0.5136644046806664,0.8354195356369019,0.2839663326740265,0.4705713093280792,0,0,0,-1,-1,ruku
2023-05-08T04:33:19Z,212840.1672336667,0.8251495361328125,0.2847747802734375,0.4674224853515625,212840.1585086667,0.3714117287937398,2.082968429042472,-0.2884354426365545,0.01635477319359779,-0.0143299400806427,-0.00161033542826771,0.00856530666351318,7.3400139808654e-4,0.00342440605163574,XArbitraryZVertical,-0.2290399679822278,0.8261078442899226,-0.02965386964828819,0.5140108550416794,0.8356729745864868,0.2844526469707489,0.4698269665241241,0,0,0,-1,-1,ruku
2023-05-08T04:33:19Z,212840.2009086667,0.8406829833984375,0.2747650146484375,0.4671630859375,212840.1585086667,0.3714117287937398,2.082968429042472,-0.2884354426365545,0.01635477319359779,-0.0143299400806427,-0.00161033542826771,0.00856530666351318,7.3400139808654e-4,0.00342440605163574,XArbitraryZVertical,-0.2290399679822278,0.8261078442899226,-0.02965386964828819,0.5140108550416794,0.8356729745864868,0.2844526469707489,0.4698269665241241,0,0,0,-1,-1,ruku
2023-05-08T04:33:19Z,212840.2346146667,0.8402252197265625,0.289764404296875,0.4756622314453125,212840.2183886667,0.3717635163317444,2.082677470148779,-0.2875423218131357,-0.02089669555425644,0.00802143849432468,-0.01633974723517895,-0.00782960653305053,-0.00977733731269836,-0.00414711236953735,XArbitraryZVertical,-0.2289804017839287,0.8260884323230032,-0.02914924362243898,0.5140977154259707,0.8360311388969421,0.2835963070392609,0.4697082340717316,0,0,0,-1,-1,ruku
2023-05-08T04:33:19Z,212840.2682896667,0.836517333984375,0.278472900390625,0.465087890625,212840.2183886667,0.3717635163317444,2.082677470148779,-0.2875423218131357,-0.02089669555425644,0.00802143849432468,-0.01633974723517895,-0.00782960653305053,-0.00977733731269836,-0.00414711236953735,XArbitraryZVertical,-0.2289804017839287,0.8260884323230032,-0.02914924362243898,0.5140977154259707,0.8360311388969421,0.2835963070392609,0.4697082340717316,0,0,0,-1,-1,ruku
2023-05-08T04:33:19Z,212840.3019656667,0.8309326171875,0.2788543701171875,0.462860107421875,212840.2782696667,0.3732115827581061,2.083371095236664,-0.2880775162630734,-0.01569425500929356,0.01758371852338314,-0.00694944057613611,-0.0087902545928955,-0.00888672471046447,-0.02836447954177856,XArbitraryZVertical,-0.2296936761316822,0.8260433204657349,-0.0290848758842509,0.5138555806485965,0.8355727195739746,0.284109503030777,0.4702135026454926,0,0,0,-1,-1,ruku
2023-05-08T04:33:19Z,212840.3356406667,0.8355560302734375,0.28570556640625,0.4696197509765625,212840.2782696667,0.3732115827581061,2.083371095236664,-0.2880775162630734,-0.01569425500929356,0.01758371852338314,-0.00694944057613611,-0.0087902545928955,-0.00888672471046447,-0.02836447954177856,XArbitraryZVertical,-0.2296936761316822,0.8260433204657349,-0.0290848758842509,0.5138555806485965,0.8355727195739746,0.284109503030777,0.4702135026454926,0,0,0,-1,-1,ruku
2023-05-08T04:33:19Z,212840.3693466667,0.83135986328125,0.284332275390625,0.4688873291015625,212840.3381506667,0.3740283704317241,2.083970975403854,-0.2883205478644146,-0.01074118912220001,-0.01826176419854164,7.3484424501657e-4,0.00345408916473388,7.2214007377624e-4,-2.521276473999e-4,XArbitraryZVertical,-0.2300791652896978,0.826077409472049,-0.02904768992106136,0.513630203512391,0.8352300524711609,0.284342497587204,0.4706806242465973,0,0,0,-1,-1,ruku
2023-05-08T04:33:19Z,212840.4030216667,0.842681884765625,0.2888336181640625,0.4769134521484375,212840.3980316667,0.3733760158175295,2.082188028671248,-0.2882732557538476,0.0163338091224432,-0.0261567048728466,0.00341718015260994,-0.00540649890899658,0.00595548748970031,-3.5560131072998e-4,XArbitraryZVertical,-0.2298245764175459,0.8256992998946026,-0.02899017102595099,0.5143549775442635,0.8360797762870789,0.2842971682548523,0.4691973328590393,0,0,0,-1,-1,ruku
